round, size, pvdup, meanpv, rpsneigh, sonneig, completeness, messages
1, 200, 0, 2.05, 0, 0, 0, 0
2, 200, 0, 2.05, 0, 0, 0, 0
3, 200, 0, 3.975, 3, 5, 0, 1513
4, 200, 0, 4.745, 5, 5, 0, 1914
5, 200, 0, 4.92, 5, 5, 0, 1991
6, 200, 0, 4.97, 5, 5, 2, 1998
7, 200, 0, 4.995, 5, 5, 3, 1979
8, 200, 0, 5.0, 5, 5, 5, 2000
9, 200, 0, 5.0, 5, 5, 8, 2000
10, 200, 0, 5.0, 5, 5, 21, 2000
11, 200, 0, 5.0, 5, 5, 34, 2000
12, 200, 0, 5.0, 5, 5, 45, 2010
13, 200, 0, 5.0, 5, 5, 55, 2000
14, 200, 0, 5.0, 5, 5, 61, 1990
15, 200, 0, 5.0, 5, 5, 70, 2000
16, 200, 0, 5.0, 5, 5, 75, 2020
17, 200, 0, 5.0, 5, 5, 78, 2000
18, 200, 0, 5.0, 5, 5, 83, 1980
19, 200, 0, 5.0, 5, 5, 87, 2010
20, 200, 0, 5.0, 5, 5, 88, 1990
21, 200, 0, 5.0, 5, 5, 89, 2000
22, 200, 0, 5.0, 5, 5, 91, 2010
23, 200, 0, 5.0, 5, 5, 91, 2000
24, 200, 0, 5.0, 5, 5, 91, 1990
25, 200, 0, 5.0, 5, 5, 92, 2020
26, 200, 0, 5.0, 5, 5, 91, 1980
27, 200, 0, 5.0, 5, 5, 94, 2000
28, 200, 0, 5.0, 5, 5, 94, 2000
29, 200, 0, 5.0, 5, 5, 94, 2000
30, 200, 0, 5.0, 5, 5, 94, 2010
31, 200, 0, 5.0, 5, 5, 94, 2010
32, 200, 0, 5.0, 5, 5, 94, 1980
33, 200, 0, 5.0, 5, 5, 95, 2000
34, 200, 0, 5.0, 5, 5, 95, 2000
35, 200, 0, 5.0, 5, 5, 95, 2000
36, 200, 0, 5.0, 5, 5, 95, 2020
37, 200, 0, 5.0, 5, 5, 95, 1980
38, 200, 0, 5.0, 5, 5, 97, 2000
39, 200, 0, 5.0, 5, 5, 98, 2010
40, 200, 0, 5.0, 5, 5, 97, 2000
41, 200, 0, 5.0, 5, 5, 97, 1990
42, 200, 0, 5.0, 5, 5, 98, 2000
43, 200, 0, 5.0, 5, 5, 98, 2000
44, 200, 0, 5.0, 5, 5, 98, 2000
45, 200, 0, 5.0, 5, 5, 98, 2020
46, 200, 0, 5.0, 5, 5, 97, 1980
47, 200, 0, 5.0, 5, 5, 98, 2010
48, 200, 0, 5.0, 5, 5, 97, 1990
49, 200, 0, 5.0, 5, 5, 98, 2020
50, 200, 0, 5.0, 5, 5, 97, 1980
51, 200, 0, 5.0, 5, 5, 98, 2000
52, 200, 0, 5.0, 5, 5, 98, 2000
53, 200, 0, 5.0, 5, 5, 98, 2010
54, 200, 0, 5.0, 5, 5, 97, 1990
55, 200, 0, 5.0, 5, 5, 98, 2000
56, 200, 0, 5.0, 5, 5, 98, 2000
57, 200, 0, 5.0, 5, 5, 98, 2020
58, 200, 0, 5.0, 5, 5, 97, 1980
59, 200, 0, 5.0, 5, 5, 98, 2000
60, 200, 0, 5.0, 5, 5, 98, 2000
61, 200, 0, 5.0, 5, 5, 98, 2010
62, 200, 0, 5.0, 5, 5, 97, 1990
63, 200, 0, 5.0, 5, 5, 98, 2010
64, 200, 0, 5.0, 5, 5, 97, 2000
65, 200, 0, 5.0, 5, 5, 97, 1990
66, 200, 0, 5.0, 5, 5, 98, 2000
67, 200, 0, 5.0, 5, 5, 98, 2020
68, 200, 0, 5.0, 5, 5, 97, 1980
69, 200, 0, 5.0, 5, 5, 98, 2000
70, 200, 0, 5.0, 5, 5, 98, 2000
71, 200, 0, 5.0, 5, 5, 98, 2000
72, 200, 0, 5.0, 5, 5, 98, 2000
73, 200, 0, 5.0, 5, 5, 98, 2000
74, 200, 0, 5.0, 5, 5, 98, 2000
75, 200, 0, 5.0, 5, 5, 98, 2010
76, 200, 0, 5.0, 5, 5, 97, 2000
77, 200, 0, 5.0, 5, 5, 97, 1990
78, 200, 0, 5.0, 5, 5, 98, 2000
79, 200, 0, 5.0, 5, 5, 98, 2000
80, 200, 0, 5.0, 5, 5, 98, 2020
81, 200, 0, 5.0, 5, 5, 97, 1980
82, 200, 0, 5.0, 5, 5, 98, 2000
83, 200, 0, 5.0, 5, 5, 98, 2000
84, 200, 0, 5.0, 5, 5, 98, 2000
85, 200, 0, 5.0, 5, 5, 98, 2010
86, 200, 0, 5.0, 5, 5, 97, 2010
87, 200, 0, 5.0, 5, 5, 97, 1980
88, 200, 0, 5.0, 5, 5, 98, 2000
89, 200, 0, 5.0, 5, 5, 98, 2000
90, 200, 0, 5.0, 5, 5, 98, 2000
91, 200, 0, 5.0, 5, 5, 98, 2000
92, 200, 0, 5.0, 5, 5, 98, 2000
93, 200, 0, 5.0, 5, 5, 98, 2000
94, 200, 0, 5.0, 5, 5, 98, 2020
95, 200, 0, 5.0, 5, 5, 97, 1980
96, 200, 0, 5.0, 5, 5, 98, 2010
97, 200, 0, 5.0, 5, 5, 97, 1990
98, 200, 0, 5.0, 5, 5, 98, 2000
99, 200, 0, 5.0, 5, 5, 98, 2000
100, 200, 0, 5.0, 5, 5, 98, 2020
101, 200, 0, 5.0, 5, 5, 97, 1980
102, 200, 0, 5.0, 5, 5, 98, 2000
103, 200, 0, 5.0, 5, 5, 98, 2010
104, 200, 0, 5.0, 5, 5, 97, 1990
105, 200, 0, 5.0, 5, 5, 98, 2000
106, 200, 0, 5.0, 5, 5, 98, 2000
107, 200, 0, 5.0, 5, 5, 98, 2010
108, 200, 0, 5.0, 5, 5, 97, 1990
109, 200, 0, 5.0, 5, 5, 98, 2000
110, 200, 0, 5.0, 5, 5, 98, 2030
111, 200, 0, 5.0, 5, 5, 96, 1970
112, 200, 0, 5.0, 5, 5, 98, 2000
113, 200, 0, 5.0, 5, 5, 98, 2020
114, 200, 0, 5.0, 5, 5, 97, 1990
115, 200, 0, 5.0, 5, 5, 97, 2000
116, 200, 0, 5.0, 5, 5, 97, 2000
117, 200, 0, 5.0, 5, 5, 97, 1990
118, 200, 0, 5.0, 5, 5, 98, 2000
119, 200, 0, 5.0, 5, 5, 98, 2000
120, 200, 0, 5.0, 5, 5, 98, 2000
121, 200, 0, 5.0, 5, 5, 98, 2000
122, 200, 0, 5.0, 5, 5, 98, 2000
123, 200, 0, 5.0, 5, 5, 98, 2000
124, 200, 0, 5.0, 5, 5, 98, 2010
125, 200, 0, 5.0, 5, 5, 97, 1990
126, 200, 0, 5.0, 5, 5, 98, 2000
127, 200, 0, 5.0, 5, 5, 98, 2000
128, 200, 0, 5.0, 5, 5, 98, 2010
129, 200, 0, 5.0, 5, 5, 97, 1990
130, 200, 0, 5.0, 5, 5, 98, 2000
131, 200, 0, 5.0, 5, 5, 98, 2000
132, 200, 0, 5.0, 5, 5, 98, 2010
133, 200, 0, 5.0, 5, 5, 97, 1990
134, 200, 0, 5.0, 5, 5, 98, 2000
135, 200, 0, 5.0, 5, 5, 98, 2000
136, 200, 0, 5.0, 5, 5, 98, 2000
137, 200, 0, 5.0, 5, 5, 98, 2000
138, 200, 0, 5.0, 5, 5, 98, 2010
139, 200, 0, 5.0, 5, 5, 97, 1990
140, 200, 0, 5.0, 5, 5, 98, 2020
141, 200, 0, 5.0, 5, 5, 97, 1980
142, 200, 0, 5.0, 5, 5, 98, 2000
143, 200, 0, 5.0, 5, 5, 98, 2010
144, 200, 0, 5.0, 5, 5, 97, 2000
145, 200, 0, 5.0, 5, 5, 97, 2000
146, 200, 0, 5.0, 5, 5, 97, 2000
147, 200, 0, 5.0, 5, 5, 97, 1990
148, 200, 0, 5.0, 5, 5, 98, 2020
149, 200, 0, 5.0, 5, 5, 97, 1980
150, 200, 0, 5.0, 5, 5, 98, 2010
151, 200, 0, 5.0, 5, 5, 97, 1990
152, 200, 0, 5.0, 5, 5, 98, 2000
153, 200, 0, 5.0, 5, 5, 98, 2000
154, 200, 0, 5.0, 5, 5, 98, 2010
155, 200, 0, 5.0, 5, 5, 97, 1990
156, 200, 0, 5.0, 5, 5, 98, 2000
157, 200, 0, 5.0, 5, 5, 98, 2000
158, 200, 0, 5.0, 5, 5, 98, 2000
159, 200, 0, 5.0, 5, 5, 98, 2000
160, 200, 0, 5.0, 5, 5, 98, 2010
161, 200, 0, 5.0, 5, 5, 97, 1990
162, 200, 0, 5.0, 5, 5, 98, 2010
163, 200, 0, 5.0, 5, 5, 97, 2000
164, 200, 0, 5.0, 5, 5, 97, 1990
165, 200, 0, 5.0, 5, 5, 98, 2000
166, 200, 0, 5.0, 5, 5, 98, 2000
167, 200, 0, 5.0, 5, 5, 98, 2000
168, 200, 0, 5.0, 5, 5, 98, 2000
169, 200, 0, 5.0, 5, 5, 98, 2000
170, 200, 0, 5.0, 5, 5, 98, 2000
171, 200, 0, 5.0, 5, 5, 98, 2000
172, 200, 0, 5.0, 5, 5, 98, 2000
173, 200, 0, 5.0, 5, 5, 98, 2000
174, 200, 0, 5.0, 5, 5, 98, 2000
175, 200, 0, 5.0, 5, 5, 98, 2020
176, 200, 0, 5.0, 5, 5, 97, 1980
177, 200, 0, 5.0, 5, 5, 98, 2000
178, 200, 0, 5.0, 5, 5, 98, 2000
179, 200, 0, 5.0, 5, 5, 98, 2000
180, 200, 0, 5.0, 5, 5, 98, 2010
181, 200, 0, 5.0, 5, 5, 97, 1990
182, 200, 0, 5.0, 5, 5, 98, 2000
183, 200, 0, 5.0, 5, 5, 98, 2000
184, 200, 0, 5.0, 5, 5, 98, 2000
185, 200, 0, 5.0, 5, 5, 98, 2000
186, 200, 0, 5.0, 5, 5, 98, 2000
187, 200, 0, 5.0, 5, 5, 98, 2010
188, 200, 0, 5.0, 5, 5, 97, 1990
189, 200, 0, 5.0, 5, 5, 98, 2000
190, 200, 0, 5.0, 5, 5, 98, 2010
191, 200, 0, 5.0, 5, 5, 97, 2010
192, 200, 0, 5.0, 5, 5, 97, 1980
193, 200, 0, 5.0, 5, 5, 98, 2000
194, 200, 0, 5.0, 5, 5, 98, 2010
195, 200, 0, 5.0, 5, 5, 97, 1990
196, 200, 0, 5.0, 5, 5, 98, 2010
197, 200, 0, 5.0, 5, 5, 97, 1990
198, 200, 0, 5.0, 5, 5, 98, 2000
199, 200, 0, 5.0, 5, 5, 98, 2000
200, 200, 0, 5.0, 5, 5, 98, 2000
201, 200, 0, 5.0, 5, 5, 98, 2000
202, 200, 0, 5.0, 5, 5, 98, 2010
203, 200, 0, 5.0, 5, 5, 97, 2000
204, 200, 0, 5.0, 5, 5, 97, 1990
205, 200, 0, 5.0, 5, 5, 98, 2000
206, 200, 0, 5.0, 5, 5, 98, 2000
207, 200, 0, 5.0, 5, 5, 98, 2000
208, 200, 0, 5.0, 5, 5, 98, 2000
209, 200, 0, 5.0, 5, 5, 98, 2000
210, 200, 0, 5.0, 5, 5, 98, 2000
211, 200, 0, 5.0, 5, 5, 98, 2010
212, 200, 0, 5.0, 5, 5, 97, 1990
213, 200, 0, 5.0, 5, 5, 98, 2000
214, 200, 0, 5.0, 5, 5, 98, 2000
215, 200, 0, 5.0, 5, 5, 98, 2000
216, 200, 0, 5.0, 5, 5, 98, 2010
217, 200, 0, 5.0, 5, 5, 97, 1990
218, 200, 0, 5.0, 5, 5, 98, 2000
219, 200, 0, 5.0, 5, 5, 98, 2010
220, 200, 0, 5.0, 5, 5, 97, 1990
221, 200, 0, 5.0, 5, 5, 98, 2010
222, 200, 0, 5.0, 5, 5, 97, 1990
223, 200, 0, 5.0, 5, 5, 98, 2000
224, 200, 0, 5.0, 5, 5, 98, 2000
225, 200, 0, 5.0, 5, 5, 98, 2000
226, 200, 0, 5.0, 5, 5, 98, 2000
227, 200, 0, 5.0, 5, 5, 98, 2010
228, 200, 0, 5.0, 5, 5, 97, 2010
229, 200, 0, 5.0, 5, 5, 97, 1980
230, 200, 0, 5.0, 5, 5, 98, 2010
231, 200, 0, 5.0, 5, 5, 97, 2000
232, 200, 0, 5.0, 5, 5, 97, 1990
233, 200, 0, 5.0, 5, 5, 98, 2000
234, 200, 0, 5.0, 5, 5, 98, 2000
235, 200, 0, 5.0, 5, 5, 98, 2010
236, 200, 0, 5.0, 5, 5, 97, 2000
237, 200, 0, 5.0, 5, 5, 97, 2000
238, 200, 0, 5.0, 5, 5, 97, 1990
239, 200, 0, 5.0, 5, 5, 98, 2010
240, 200, 0, 5.0, 5, 5, 97, 1990
241, 200, 0, 5.0, 5, 5, 98, 2000
242, 200, 0, 5.0, 5, 5, 98, 2010
243, 200, 0, 5.0, 5, 5, 97, 1990
244, 200, 0, 5.0, 5, 5, 98, 2010
245, 200, 0, 5.0, 5, 5, 97, 1990
246, 200, 0, 5.0, 5, 5, 98, 2000
247, 200, 0, 5.0, 5, 5, 98, 2000
248, 200, 0, 5.0, 5, 5, 98, 2000
249, 200, 0, 5.0, 5, 5, 98, 2010
250, 200, 0, 5.0, 5, 5, 97, 1990
251, 200, 0, 5.0, 5, 5, 98, 2010
252, 200, 0, 5.0, 5, 5, 97, 1990
253, 200, 0, 5.0, 5, 5, 98, 2000
254, 200, 0, 5.0, 5, 5, 98, 2000
255, 200, 0, 5.0, 5, 5, 98, 2010
256, 200, 0, 5.0, 5, 5, 97, 1990
257, 200, 0, 5.0, 5, 5, 98, 2000
258, 200, 0, 5.0, 5, 5, 98, 2000
259, 200, 0, 5.0, 5, 5, 98, 2000
260, 200, 0, 5.0, 5, 5, 98, 2000
261, 200, 0, 5.0, 5, 5, 98, 2000
262, 200, 0, 5.0, 5, 5, 98, 2000
263, 200, 0, 5.0, 5, 5, 98, 2010
264, 200, 0, 5.0, 5, 5, 97, 2010
265, 200, 0, 5.0, 5, 5, 97, 1980
266, 200, 0, 5.0, 5, 5, 98, 2000
267, 200, 0, 5.0, 5, 5, 98, 2000
268, 200, 0, 5.0, 5, 5, 98, 2000
269, 200, 0, 5.0, 5, 5, 98, 2000
270, 200, 0, 5.0, 5, 5, 98, 2000
271, 200, 0, 5.0, 5, 5, 98, 2000
272, 200, 0, 5.0, 5, 5, 98, 2000
273, 200, 0, 5.0, 5, 5, 98, 2000
274, 200, 0, 5.0, 5, 5, 98, 2000
275, 200, 0, 5.0, 5, 5, 98, 2000
276, 200, 0, 5.0, 5, 5, 98, 2000
277, 200, 0, 5.0, 5, 5, 98, 2000
278, 200, 0, 5.0, 5, 5, 98, 2000
279, 200, 0, 5.0, 5, 5, 98, 2000
280, 200, 0, 5.0, 5, 5, 98, 2000
281, 200, 0, 5.0, 5, 5, 98, 2010
282, 200, 0, 5.0, 5, 5, 97, 2000
283, 200, 0, 5.0, 5, 5, 97, 1990
284, 200, 0, 5.0, 5, 5, 98, 2000
285, 200, 0, 5.0, 5, 5, 98, 2000
286, 200, 0, 5.0, 5, 5, 98, 2010
287, 200, 0, 5.0, 5, 5, 97, 1990
288, 200, 0, 5.0, 5, 5, 98, 2010
289, 200, 0, 5.0, 5, 5, 97, 1990
290, 200, 0, 5.0, 5, 5, 98, 2000
291, 200, 0, 5.0, 5, 5, 98, 2000
292, 200, 0, 5.0, 5, 5, 98, 2000
293, 200, 0, 5.0, 5, 5, 98, 2000
294, 200, 0, 5.0, 5, 5, 98, 2000
295, 200, 0, 5.0, 5, 5, 98, 2000
296, 200, 0, 5.0, 5, 5, 98, 2040
297, 200, 0, 5.0, 5, 5, 96, 1960
298, 200, 0, 5.0, 5, 5, 98, 2010
299, 200, 0, 5.0, 5, 5, 97, 1990
300, 200, 0, 5.0, 5, 5, 98, 2030
301, 200, 0, 5.0, 5, 5, 96, 1980
302, 200, 0, 5.0, 5, 5, 98, 1990
303, 200, 0, 5.0, 5, 5, 98, 2000
304, 200, 0, 5.0, 5, 5, 98, 2000
305, 200, 0, 5.0, 5, 5, 98, 2010
306, 200, 0, 5.0, 5, 5, 97, 1990
307, 200, 0, 5.0, 5, 5, 98, 2010
308, 200, 0, 5.0, 5, 5, 97, 1990
309, 200, 0, 5.0, 5, 5, 98, 2000
310, 200, 0, 5.0, 5, 5, 98, 2000
311, 200, 0, 5.0, 5, 5, 98, 2000
312, 200, 0, 5.0, 5, 5, 98, 2000
313, 200, 0, 5.0, 5, 5, 98, 2000
314, 200, 0, 5.0, 5, 5, 98, 2000
315, 200, 0, 5.0, 5, 5, 98, 2000
316, 200, 0, 5.0, 5, 5, 98, 2010
317, 200, 0, 5.0, 5, 5, 97, 2000
318, 200, 0, 5.0, 5, 5, 97, 1990
319, 200, 0, 5.0, 5, 5, 98, 2000
320, 200, 0, 5.0, 5, 5, 98, 2000
321, 200, 0, 5.0, 5, 5, 98, 2000
322, 200, 0, 5.0, 5, 5, 98, 2000
323, 200, 0, 5.0, 5, 5, 98, 2000
324, 200, 0, 5.0, 5, 5, 98, 2000
325, 200, 0, 5.0, 5, 5, 98, 2000
326, 200, 0, 5.0, 5, 5, 98, 2000
327, 200, 0, 5.0, 5, 5, 98, 2000
328, 200, 0, 5.0, 5, 5, 98, 2000
329, 200, 0, 5.0, 5, 5, 98, 2000
330, 200, 0, 5.0, 5, 5, 98, 2000
331, 200, 0, 5.0, 5, 5, 98, 2000
332, 200, 0, 5.0, 5, 5, 98, 2000
333, 200, 0, 5.0, 5, 5, 98, 2010
334, 200, 0, 5.0, 5, 5, 97, 1990
335, 200, 0, 5.0, 5, 5, 98, 2000
336, 200, 0, 5.0, 5, 5, 98, 2000
337, 200, 0, 5.0, 5, 5, 98, 2000
338, 200, 0, 5.0, 5, 5, 98, 2000
339, 200, 0, 5.0, 5, 5, 98, 2000
340, 200, 0, 5.0, 5, 5, 98, 2010
341, 200, 0, 5.0, 5, 5, 97, 1990
342, 200, 0, 5.0, 5, 5, 98, 2000
343, 200, 0, 5.0, 5, 5, 98, 2000
344, 200, 0, 5.0, 5, 5, 98, 2000
345, 200, 0, 5.0, 5, 5, 98, 2000
346, 200, 0, 5.0, 5, 5, 98, 2020
347, 200, 0, 5.0, 5, 5, 97, 1980
348, 200, 0, 5.0, 5, 5, 98, 2010
349, 200, 0, 5.0, 5, 5, 97, 1990
350, 200, 0, 5.0, 5, 5, 98, 2000
351, 200, 0, 5.0, 5, 5, 98, 2000
352, 200, 0, 5.0, 5, 5, 98, 2020
353, 200, 0, 5.0, 5, 5, 97, 1980
354, 200, 0, 5.0, 5, 5, 98, 2000
355, 200, 0, 5.0, 5, 5, 98, 2010
356, 200, 0, 5.0, 5, 5, 97, 1990
357, 200, 0, 5.0, 5, 5, 98, 2000
358, 200, 0, 5.0, 5, 5, 98, 2000
359, 200, 0, 5.0, 5, 5, 98, 2010
360, 200, 0, 5.0, 5, 5, 97, 1990
361, 200, 0, 5.0, 5, 5, 98, 2020
362, 200, 0, 5.0, 5, 5, 97, 1990
363, 200, 0, 5.0, 5, 5, 97, 1990
364, 200, 0, 5.0, 5, 5, 98, 2010
365, 200, 0, 5.0, 5, 5, 97, 1990
366, 200, 0, 5.0, 5, 5, 98, 2010
367, 200, 0, 5.0, 5, 5, 97, 1990
368, 200, 0, 5.0, 5, 5, 98, 2000
369, 200, 0, 5.0, 5, 5, 98, 2000
370, 200, 0, 5.0, 5, 5, 98, 2010
371, 200, 0, 5.0, 5, 5, 97, 1990
372, 200, 0, 5.0, 5, 5, 98, 2010
373, 200, 0, 5.0, 5, 5, 97, 1990
374, 200, 0, 5.0, 5, 5, 98, 2000
375, 200, 0, 5.0, 5, 5, 98, 2010
376, 200, 0, 5.0, 5, 5, 97, 1990
377, 200, 0, 5.0, 5, 5, 98, 2000
378, 200, 0, 5.0, 5, 5, 98, 2000
379, 200, 0, 5.0, 5, 5, 98, 2000
380, 200, 0, 5.0, 5, 5, 98, 2000
381, 200, 0, 5.0, 5, 5, 98, 2000
382, 200, 0, 5.0, 5, 5, 98, 2000
383, 200, 0, 5.0, 5, 5, 98, 2000
384, 200, 0, 5.0, 5, 5, 98, 2000
385, 200, 0, 5.0, 5, 5, 98, 2000
386, 200, 0, 5.0, 5, 5, 98, 2000
387, 200, 0, 5.0, 5, 5, 98, 2000
388, 200, 0, 5.0, 5, 5, 98, 2000
389, 200, 0, 5.0, 5, 5, 98, 2010
390, 200, 0, 5.0, 5, 5, 97, 1990
391, 200, 0, 5.0, 5, 5, 98, 2000
392, 200, 0, 5.0, 5, 5, 98, 2000
393, 200, 0, 5.0, 5, 5, 98, 2000
394, 200, 0, 5.0, 5, 5, 98, 2020
395, 200, 0, 5.0, 5, 5, 97, 2000
396, 200, 0, 5.0, 5, 5, 97, 1980
397, 200, 0, 5.0, 5, 5, 98, 2000
398, 200, 0, 5.0, 5, 5, 98, 2010
399, 200, 0, 5.0, 5, 5, 97, 1990
400, 200, 0, 5.0, 5, 5, 98, 2000
401, 200, 0, 5.0, 5, 5, 98, 2000
402, 200, 0, 5.0, 5, 5, 98, 2000
403, 200, 0, 5.0, 5, 5, 98, 2010
404, 200, 0, 5.0, 5, 5, 97, 1990
405, 200, 0, 5.0, 5, 5, 98, 2000
406, 200, 0, 5.0, 5, 5, 98, 2000
407, 200, 0, 5.0, 5, 5, 98, 2000
408, 200, 0, 5.0, 5, 5, 98, 2020
409, 200, 0, 5.0, 5, 5, 97, 1980
410, 200, 0, 5.0, 5, 5, 98, 2000
411, 200, 0, 5.0, 5, 5, 98, 2010
412, 200, 0, 5.0, 5, 5, 97, 1990
413, 200, 0, 5.0, 5, 5, 98, 2000
414, 200, 0, 5.0, 5, 5, 98, 2010
415, 200, 0, 5.0, 5, 5, 97, 1990
416, 200, 0, 5.0, 5, 5, 98, 2000
417, 200, 0, 5.0, 5, 5, 98, 2000
418, 200, 0, 5.0, 5, 5, 98, 2000
419, 200, 0, 5.0, 5, 5, 98, 2000
420, 200, 0, 5.0, 5, 5, 98, 2010
421, 200, 0, 5.0, 5, 5, 97, 1990
422, 200, 0, 5.0, 5, 5, 98, 2000
423, 200, 0, 5.0, 5, 5, 98, 2000
424, 200, 0, 5.0, 5, 5, 98, 2010
425, 200, 0, 5.0, 5, 5, 97, 1990
426, 200, 0, 5.0, 5, 5, 98, 2000
427, 200, 0, 5.0, 5, 5, 98, 2000
428, 200, 0, 5.0, 5, 5, 98, 2000
429, 200, 0, 5.0, 5, 5, 98, 2000
430, 200, 0, 5.0, 5, 5, 98, 2000
431, 200, 0, 5.0, 5, 5, 98, 2000
432, 200, 0, 5.0, 5, 5, 98, 2010
433, 200, 0, 5.0, 5, 5, 97, 2000
434, 200, 0, 5.0, 5, 5, 98, 1990
435, 200, 0, 5.0, 5, 5, 98, 2000
436, 200, 0, 5.0, 5, 5, 98, 2010
437, 200, 0, 5.0, 5, 5, 97, 1990
438, 200, 0, 5.0, 5, 5, 98, 2000
439, 200, 0, 5.0, 5, 5, 98, 2000
440, 200, 0, 5.0, 5, 5, 98, 2010
441, 200, 0, 5.0, 5, 5, 97, 1990
442, 200, 0, 5.0, 5, 5, 98, 2000
443, 200, 0, 5.0, 5, 5, 98, 2000
444, 200, 0, 5.0, 5, 5, 98, 2000
445, 200, 0, 5.0, 5, 5, 98, 2000
446, 200, 0, 5.0, 5, 5, 98, 2000
447, 200, 0, 5.0, 5, 5, 98, 2000
448, 200, 0, 5.0, 5, 5, 98, 2000
449, 200, 0, 5.0, 5, 5, 98, 2010
450, 200, 0, 5.0, 5, 5, 97, 2000
451, 200, 0, 5.0, 5, 5, 97, 2000
452, 200, 0, 5.0, 5, 5, 97, 2000
453, 200, 0, 5.0, 5, 5, 97, 1990
454, 200, 0, 5.0, 5, 5, 98, 2010
455, 200, 0, 5.0, 5, 5, 97, 1990
456, 200, 0, 5.0, 5, 5, 98, 2000
457, 200, 0, 5.0, 5, 5, 98, 2000
458, 200, 0, 5.0, 5, 5, 98, 2000
459, 200, 0, 5.0, 5, 5, 98, 2010
460, 200, 0, 5.0, 5, 5, 97, 2000
461, 200, 0, 5.0, 5, 5, 97, 2000
462, 200, 0, 5.0, 5, 5, 97, 2000
463, 200, 0, 5.0, 5, 5, 97, 1990
464, 200, 0, 5.0, 5, 5, 98, 2000
465, 200, 0, 5.0, 5, 5, 98, 2000
466, 200, 0, 5.0, 5, 5, 98, 2010
467, 200, 0, 5.0, 5, 5, 97, 1990
468, 200, 0, 5.0, 5, 5, 98, 2000
469, 200, 0, 5.0, 5, 5, 98, 2000
470, 200, 0, 5.0, 5, 5, 98, 2010
471, 200, 0, 5.0, 5, 5, 97, 2000
472, 200, 0, 5.0, 5, 5, 97, 1990
473, 200, 0, 5.0, 5, 5, 98, 2000
474, 200, 0, 5.0, 5, 5, 98, 2000
475, 200, 0, 5.0, 5, 5, 98, 2000
476, 200, 0, 5.0, 5, 5, 98, 2000
477, 200, 0, 5.0, 5, 5, 98, 2030
478, 200, 0, 5.0, 5, 5, 96, 1980
479, 200, 0, 5.0, 5, 5, 97, 1990
480, 200, 0, 5.0, 5, 5, 98, 2000
481, 200, 0, 5.0, 5, 5, 98, 2020
482, 200, 0, 5.0, 5, 5, 97, 1980
483, 200, 0, 5.0, 5, 5, 98, 2020
484, 200, 0, 5.0, 5, 5, 97, 1980
485, 200, 0, 5.0, 5, 5, 98, 2000
486, 200, 0, 5.0, 5, 5, 98, 2010
487, 200, 0, 5.0, 5, 5, 97, 1990
488, 200, 0, 5.0, 5, 5, 98, 2000
489, 200, 0, 5.0, 5, 5, 98, 2000
490, 200, 0, 5.0, 5, 5, 98, 2000
491, 200, 0, 5.0, 5, 5, 98, 2000
492, 200, 0, 5.0, 5, 5, 98, 2020
493, 200, 0, 5.0, 5, 5, 97, 1980
494, 200, 0, 5.0, 5, 5, 98, 2000
495, 200, 0, 5.0, 5, 5, 98, 2000
496, 200, 0, 5.0, 5, 5, 98, 2000
497, 200, 0, 5.0, 5, 5, 98, 2000
498, 200, 0, 5.0, 5, 5, 98, 2020
499, 200, 0, 5.0, 5, 5, 97, 1980
500, 200, 0, 5.0, 5, 5, 98, 2000
501, 200, 0, 5.0, 5, 5, 98, 2000
502, 200, 0, 5.0, 5, 5, 98, 2000
503, 200, 0, 5.0, 5, 5, 98, 2000
504, 200, 0, 5.0, 5, 5, 98, 2000
505, 200, 0, 5.0, 5, 5, 98, 2000
506, 200, 0, 5.0, 5, 5, 98, 2000
507, 200, 0, 5.0, 5, 5, 98, 2010
508, 200, 0, 5.0, 5, 5, 97, 1990
509, 200, 0, 5.0, 5, 5, 98, 2000
510, 200, 0, 5.0, 5, 5, 98, 2000
511, 200, 0, 5.0, 5, 5, 98, 2000
512, 200, 0, 5.0, 5, 5, 98, 2000
513, 200, 0, 5.0, 5, 5, 98, 2000
514, 200, 0, 5.0, 5, 5, 98, 2000
515, 200, 0, 5.0, 5, 5, 98, 2000
516, 200, 0, 5.0, 5, 5, 98, 2000
517, 200, 0, 5.0, 5, 5, 98, 2000
518, 200, 0, 5.0, 5, 5, 98, 2000
519, 200, 0, 5.0, 5, 5, 98, 2020
520, 200, 0, 5.0, 5, 5, 97, 1990
521, 200, 0, 5.0, 5, 5, 97, 1990
522, 200, 0, 5.0, 5, 5, 98, 2000
523, 200, 0, 5.0, 5, 5, 98, 2000
524, 200, 0, 5.0, 5, 5, 98, 2000
525, 200, 0, 5.0, 5, 5, 98, 2000
526, 200, 0, 5.0, 5, 5, 98, 2000
527, 200, 0, 5.0, 5, 5, 98, 2000
528, 200, 0, 5.0, 5, 5, 98, 2000
529, 200, 0, 5.0, 5, 5, 98, 2000
530, 200, 0, 5.0, 5, 5, 98, 2000
531, 200, 0, 5.0, 5, 5, 98, 2000
532, 200, 0, 5.0, 5, 5, 98, 2010
533, 200, 0, 5.0, 5, 5, 97, 1990
534, 200, 0, 5.0, 5, 5, 98, 2000
535, 200, 0, 5.0, 5, 5, 98, 2000
536, 200, 0, 5.0, 5, 5, 98, 2020
537, 200, 0, 5.0, 5, 5, 97, 1980
538, 200, 0, 5.0, 5, 5, 98, 2000
539, 200, 0, 5.0, 5, 5, 98, 2000
540, 200, 0, 5.0, 5, 5, 98, 2020
541, 200, 0, 5.0, 5, 5, 97, 1990
542, 200, 0, 5.0, 5, 5, 97, 1990
543, 200, 0, 5.0, 5, 5, 98, 2000
544, 200, 0, 5.0, 5, 5, 98, 2010
545, 200, 0, 5.0, 5, 5, 97, 2000
546, 200, 0, 5.0, 5, 5, 97, 2020
547, 200, 0, 5.0, 5, 5, 96, 1970
548, 200, 0, 5.0, 5, 5, 98, 2000
549, 200, 0, 5.0, 5, 5, 98, 2000
550, 200, 0, 5.0, 5, 5, 98, 2000
551, 200, 0, 5.0, 5, 5, 98, 2000
552, 200, 0, 5.0, 5, 5, 98, 2000
553, 200, 0, 5.0, 5, 5, 98, 2000
554, 200, 0, 5.0, 5, 5, 98, 2000
555, 200, 0, 5.0, 5, 5, 98, 2000
556, 200, 0, 5.0, 5, 5, 98, 2000
557, 200, 0, 5.0, 5, 5, 98, 2010
558, 200, 0, 5.0, 5, 5, 97, 2010
559, 200, 0, 5.0, 5, 5, 97, 1980
560, 200, 0, 5.0, 5, 5, 98, 2000
561, 200, 0, 5.0, 5, 5, 98, 2020
562, 200, 0, 5.0, 5, 5, 97, 1990
563, 200, 0, 5.0, 5, 5, 97, 1990
564, 200, 0, 5.0, 5, 5, 98, 2000
565, 200, 0, 5.0, 5, 5, 98, 2020
566, 200, 0, 5.0, 5, 5, 97, 1980
567, 200, 0, 5.0, 5, 5, 98, 2020
568, 200, 0, 5.0, 5, 5, 97, 1980
569, 200, 0, 5.0, 5, 5, 98, 2000
570, 200, 0, 5.0, 5, 5, 98, 2010
571, 200, 0, 5.0, 5, 5, 97, 1990
572, 200, 0, 5.0, 5, 5, 98, 2000
573, 200, 0, 5.0, 5, 5, 98, 2010
574, 200, 0, 5.0, 5, 5, 97, 1990
575, 200, 0, 5.0, 5, 5, 98, 2000
576, 200, 0, 5.0, 5, 5, 98, 2000
577, 200, 0, 5.0, 5, 5, 98, 2010
578, 200, 0, 5.0, 5, 5, 97, 1990
579, 200, 0, 5.0, 5, 5, 98, 2030
580, 200, 0, 5.0, 5, 5, 96, 1970
581, 200, 0, 5.0, 5, 5, 98, 2000
582, 200, 0, 5.0, 5, 5, 98, 2000
583, 200, 0, 5.0, 5, 5, 98, 2010
584, 200, 0, 5.0, 5, 5, 97, 1990
585, 200, 0, 5.0, 5, 5, 98, 2000
586, 200, 0, 5.0, 5, 5, 98, 2000
587, 200, 0, 5.0, 5, 5, 98, 2000
588, 200, 0, 5.0, 5, 5, 98, 2000
589, 200, 0, 5.0, 5, 5, 98, 2010
590, 200, 0, 5.0, 5, 5, 97, 1990
591, 200, 0, 5.0, 5, 5, 98, 2000
592, 200, 0, 5.0, 5, 5, 98, 2000
593, 200, 0, 5.0, 5, 5, 98, 2010
594, 200, 0, 5.0, 5, 5, 97, 2000
595, 200, 0, 5.0, 5, 5, 97, 1990
596, 200, 0, 5.0, 5, 5, 98, 2000
597, 200, 0, 5.0, 5, 5, 98, 2000
598, 200, 0, 5.0, 5, 5, 98, 2010
599, 200, 0, 5.0, 5, 5, 97, 1990
600, 200, 0, 5.0, 5, 5, 98, 2000
601, 200, 0, 5.0, 5, 5, 98, 2000
602, 200, 0, 5.0, 5, 5, 98, 2000
603, 200, 0, 5.0, 5, 5, 98, 2000
604, 200, 0, 5.0, 5, 5, 98, 2000
605, 200, 0, 5.0, 5, 5, 98, 2000
606, 200, 0, 5.0, 5, 5, 98, 2000
607, 200, 0, 5.0, 5, 5, 98, 2000
608, 200, 0, 5.0, 5, 5, 98, 2000
609, 200, 0, 5.0, 5, 5, 98, 2000
610, 200, 0, 5.0, 5, 5, 98, 2000
611, 200, 0, 5.0, 5, 5, 98, 2010
612, 200, 0, 5.0, 5, 5, 97, 1990
613, 200, 0, 5.0, 5, 5, 98, 2000
614, 200, 0, 5.0, 5, 5, 98, 2000
615, 200, 0, 5.0, 5, 5, 98, 2000
616, 200, 0, 5.0, 5, 5, 98, 2000
617, 200, 0, 5.0, 5, 5, 98, 2000
618, 200, 0, 5.0, 5, 5, 98, 2000
619, 200, 0, 5.0, 5, 5, 98, 2030
620, 200, 0, 5.0, 5, 5, 96, 1980
621, 200, 0, 5.0, 5, 5, 97, 2000
622, 200, 0, 5.0, 5, 5, 97, 1990
623, 200, 0, 5.0, 5, 5, 98, 2010
624, 200, 0, 5.0, 5, 5, 97, 1990
625, 200, 0, 5.0, 5, 5, 98, 2000
626, 200, 0, 5.0, 5, 5, 98, 2000
627, 200, 0, 5.0, 5, 5, 98, 2000
628, 200, 0, 5.0, 5, 5, 98, 2000
629, 200, 0, 5.0, 5, 5, 98, 2000
630, 200, 0, 5.0, 5, 5, 98, 2000
631, 200, 0, 5.0, 5, 5, 98, 2010
632, 200, 0, 5.0, 5, 5, 97, 1990
633, 200, 0, 5.0, 5, 5, 98, 2000
634, 200, 0, 5.0, 5, 5, 98, 2000
635, 200, 0, 5.0, 5, 5, 98, 2000
636, 200, 0, 5.0, 5, 5, 98, 2010
637, 200, 0, 5.0, 5, 5, 97, 1990
638, 200, 0, 5.0, 5, 5, 98, 2010
639, 200, 0, 5.0, 5, 5, 97, 1990
640, 200, 0, 5.0, 5, 5, 98, 2020
641, 200, 0, 5.0, 5, 5, 97, 1980
642, 200, 0, 5.0, 5, 5, 98, 2000
643, 200, 0, 5.0, 5, 5, 98, 2000
644, 200, 0, 5.0, 5, 5, 98, 2000
645, 200, 0, 5.0, 5, 5, 98, 2010
646, 200, 0, 5.0, 5, 5, 97, 2000
647, 200, 0, 5.0, 5, 5, 97, 1990
648, 200, 0, 5.0, 5, 5, 98, 2000
649, 200, 0, 5.0, 5, 5, 98, 2000
650, 200, 0, 5.0, 5, 5, 98, 2000
651, 200, 0, 5.0, 5, 5, 98, 2000
652, 200, 0, 5.0, 5, 5, 98, 2000
653, 200, 0, 5.0, 5, 5, 98, 2010
654, 200, 0, 5.0, 5, 5, 97, 1990
655, 200, 0, 5.0, 5, 5, 98, 2010
656, 200, 0, 5.0, 5, 5, 97, 1990
657, 200, 0, 5.0, 5, 5, 98, 2000
658, 200, 0, 5.0, 5, 5, 98, 2000
659, 200, 0, 5.0, 5, 5, 98, 2000
660, 200, 0, 5.0, 5, 5, 98, 2000
661, 200, 0, 5.0, 5, 5, 98, 2000
662, 200, 0, 5.0, 5, 5, 98, 2000
663, 200, 0, 5.0, 5, 5, 98, 2000
664, 200, 0, 5.0, 5, 5, 98, 2000
665, 200, 0, 5.0, 5, 5, 98, 2010
666, 200, 0, 5.0, 5, 5, 97, 1990
667, 200, 0, 5.0, 5, 5, 98, 2000
668, 200, 0, 5.0, 5, 5, 98, 2000
669, 200, 0, 5.0, 5, 5, 98, 2010
670, 200, 0, 5.0, 5, 5, 97, 1990
671, 200, 0, 5.0, 5, 5, 98, 2000
672, 200, 0, 5.0, 5, 5, 98, 2000
673, 200, 0, 5.0, 5, 5, 98, 2000
674, 200, 0, 5.0, 5, 5, 98, 2020
675, 200, 0, 5.0, 5, 5, 97, 1980
676, 200, 0, 5.0, 5, 5, 98, 2010
677, 200, 0, 5.0, 5, 5, 97, 2010
678, 200, 0, 5.0, 5, 5, 97, 1980
679, 200, 0, 5.0, 5, 5, 98, 2000
680, 200, 0, 5.0, 5, 5, 98, 2020
681, 200, 0, 5.0, 5, 5, 97, 1980
682, 200, 0, 5.0, 5, 5, 98, 2000
683, 200, 0, 5.0, 5, 5, 98, 2000
684, 200, 0, 5.0, 5, 5, 98, 2000
685, 200, 0, 5.0, 5, 5, 98, 2000
686, 200, 0, 5.0, 5, 5, 98, 2010
687, 200, 0, 5.0, 5, 5, 97, 2000
688, 200, 0, 5.0, 5, 5, 97, 1990
689, 200, 0, 5.0, 5, 5, 98, 2000
690, 200, 0, 5.0, 5, 5, 98, 2000
691, 200, 0, 5.0, 5, 5, 98, 2000
692, 200, 0, 5.0, 5, 5, 98, 2000
693, 200, 0, 5.0, 5, 5, 98, 2000
694, 200, 0, 5.0, 5, 5, 98, 2000
695, 200, 0, 5.0, 5, 5, 98, 2010
696, 200, 0, 5.0, 5, 5, 97, 2000
697, 200, 0, 5.0, 5, 5, 97, 2010
698, 200, 0, 5.0, 5, 5, 97, 1980
699, 200, 0, 5.0, 5, 5, 98, 2000
700, 200, 0, 5.0, 5, 5, 98, 2000
701, 200, 0, 5.0, 5, 5, 98, 2000
702, 200, 0, 5.0, 5, 5, 98, 2000
703, 200, 0, 5.0, 5, 5, 98, 2000
704, 200, 0, 5.0, 5, 5, 98, 2000
705, 200, 0, 5.0, 5, 5, 98, 2000
706, 200, 0, 5.0, 5, 5, 98, 2010
707, 200, 0, 5.0, 5, 5, 97, 2000
708, 200, 0, 5.0, 5, 5, 98, 1990
709, 200, 0, 5.0, 5, 5, 98, 2000
710, 200, 0, 5.0, 5, 5, 98, 2000
711, 200, 0, 5.0, 5, 5, 98, 2000
712, 200, 0, 5.0, 5, 5, 98, 2000
713, 200, 0, 5.0, 5, 5, 98, 2000
714, 200, 0, 5.0, 5, 5, 98, 2000
715, 200, 0, 5.0, 5, 5, 98, 2010
716, 200, 0, 5.0, 5, 5, 97, 1990
717, 200, 0, 5.0, 5, 5, 98, 2000
718, 200, 0, 5.0, 5, 5, 98, 2000
719, 200, 0, 5.0, 5, 5, 98, 2000
720, 200, 0, 5.0, 5, 5, 98, 2000
721, 200, 0, 5.0, 5, 5, 98, 2000
722, 200, 0, 5.0, 5, 5, 98, 2020
723, 200, 0, 5.0, 5, 5, 97, 2000
724, 200, 0, 5.0, 5, 5, 97, 1980
725, 200, 0, 5.0, 5, 5, 98, 2000
726, 200, 0, 5.0, 5, 5, 98, 2010
727, 200, 0, 5.0, 5, 5, 97, 1990
728, 200, 0, 5.0, 5, 5, 98, 2000
729, 200, 0, 5.0, 5, 5, 98, 2000
730, 200, 0, 5.0, 5, 5, 98, 2000
731, 200, 0, 5.0, 5, 5, 98, 2000
732, 200, 0, 5.0, 5, 5, 98, 2010
733, 200, 0, 5.0, 5, 5, 97, 1990
734, 200, 0, 5.0, 5, 5, 98, 2000
735, 200, 0, 5.0, 5, 5, 98, 2030
736, 200, 0, 5.0, 5, 5, 96, 1980
737, 200, 0, 5.0, 5, 5, 97, 1990
738, 200, 0, 5.0, 5, 5, 98, 2000
739, 200, 0, 5.0, 5, 5, 98, 2010
740, 200, 0, 5.0, 5, 5, 97, 1990
741, 200, 0, 5.0, 5, 5, 98, 2010
742, 200, 0, 5.0, 5, 5, 97, 2000
743, 200, 0, 5.0, 5, 5, 97, 1990
744, 200, 0, 5.0, 5, 5, 98, 2000
745, 200, 0, 5.0, 5, 5, 98, 2000
746, 200, 0, 5.0, 5, 5, 98, 2000
747, 200, 0, 5.0, 5, 5, 98, 2000
748, 200, 0, 5.0, 5, 5, 98, 2000
749, 200, 0, 5.0, 5, 5, 98, 2000
750, 200, 0, 5.0, 5, 5, 98, 2010
751, 200, 0, 5.0, 5, 5, 97, 1990
752, 200, 0, 5.0, 5, 5, 98, 2010
753, 200, 0, 5.0, 5, 5, 97, 1990
754, 200, 0, 5.0, 5, 5, 98, 2000
755, 200, 0, 5.0, 5, 5, 98, 2000
756, 200, 0, 5.0, 5, 5, 98, 2000
757, 200, 0, 5.0, 5, 5, 98, 2000
758, 200, 0, 5.0, 5, 5, 98, 2000
759, 200, 0, 5.0, 5, 5, 98, 2000
760, 200, 0, 5.0, 5, 5, 98, 2000
761, 200, 0, 5.0, 5, 5, 98, 2010
762, 200, 0, 5.0, 5, 5, 97, 1990
763, 200, 0, 5.0, 5, 5, 98, 2000
764, 200, 0, 5.0, 5, 5, 98, 2000
765, 200, 0, 5.0, 5, 5, 98, 2020
766, 200, 0, 5.0, 5, 5, 97, 1980
767, 200, 0, 5.0, 5, 5, 98, 2010
768, 200, 0, 5.0, 5, 5, 97, 1990
769, 200, 0, 5.0, 5, 5, 98, 2010
770, 200, 0, 5.0, 5, 5, 97, 1990
771, 200, 0, 5.0, 5, 5, 98, 2000
772, 200, 0, 5.0, 5, 5, 98, 2000
773, 200, 0, 5.0, 5, 5, 98, 2020
774, 200, 0, 5.0, 5, 5, 97, 1980
775, 200, 0, 5.0, 5, 5, 98, 2010
776, 200, 0, 5.0, 5, 5, 97, 1990
777, 200, 0, 5.0, 5, 5, 98, 2000
778, 200, 0, 5.0, 5, 5, 98, 2010
779, 200, 0, 5.0, 5, 5, 97, 1990
780, 200, 0, 5.0, 5, 5, 98, 2000
781, 200, 0, 5.0, 5, 5, 98, 2000
782, 200, 0, 5.0, 5, 5, 98, 2000
783, 200, 0, 5.0, 5, 5, 98, 2000
784, 200, 0, 5.0, 5, 5, 98, 2010
785, 200, 0, 5.0, 5, 5, 97, 1990
786, 200, 0, 5.0, 5, 5, 98, 2010
787, 200, 0, 5.0, 5, 5, 97, 1990
788, 200, 0, 5.0, 5, 5, 98, 2000
789, 200, 0, 5.0, 5, 5, 98, 2000
790, 200, 0, 5.0, 5, 5, 98, 2000
791, 200, 0, 5.0, 5, 5, 98, 2000
792, 200, 0, 5.0, 5, 5, 98, 2000
793, 200, 0, 5.0, 5, 5, 98, 2000
794, 200, 0, 5.0, 5, 5, 98, 2000
795, 200, 0, 5.0, 5, 5, 98, 2000
796, 200, 0, 5.0, 5, 5, 98, 2000
797, 200, 0, 5.0, 5, 5, 98, 2010
798, 200, 0, 5.0, 5, 5, 97, 1990
799, 200, 0, 5.0, 5, 5, 98, 2010
800, 200, 0, 5.0, 5, 5, 97, 1990
801, 200, 0, 5.0, 5, 5, 98, 2010
802, 200, 0, 5.0, 5, 5, 97, 2010
803, 200, 0, 5.0, 5, 5, 97, 1990
804, 200, 0, 5.0, 5, 5, 97, 1990
805, 200, 0, 5.0, 5, 5, 98, 2010
806, 200, 0, 5.0, 5, 5, 97, 1990
807, 200, 0, 5.0, 5, 5, 98, 2000
808, 200, 0, 5.0, 5, 5, 98, 2000
809, 200, 0, 5.0, 5, 5, 98, 2000
810, 200, 0, 5.0, 5, 5, 98, 2000
811, 200, 0, 5.0, 5, 5, 98, 2010
812, 200, 0, 5.0, 5, 5, 97, 1990
813, 200, 0, 5.0, 5, 5, 98, 2020
814, 200, 0, 5.0, 5, 5, 97, 1980
815, 200, 0, 5.0, 5, 5, 98, 2000
816, 200, 0, 5.0, 5, 5, 98, 2020
817, 200, 0, 5.0, 5, 5, 97, 1990
818, 200, 0, 5.0, 5, 5, 97, 2010
819, 200, 0, 5.0, 5, 5, 97, 1980
820, 200, 0, 5.0, 5, 5, 98, 2000
821, 200, 0, 5.0, 5, 5, 98, 2010
822, 200, 0, 5.0, 5, 5, 97, 1990
823, 200, 0, 5.0, 5, 5, 98, 2000
824, 200, 0, 5.0, 5, 5, 98, 2000
825, 200, 0, 5.0, 5, 5, 98, 2000
826, 200, 0, 5.0, 5, 5, 98, 2000
827, 200, 0, 5.0, 5, 5, 98, 2000
828, 200, 0, 5.0, 5, 5, 98, 2020
829, 200, 0, 5.0, 5, 5, 97, 1980
830, 200, 0, 5.0, 5, 5, 98, 2000
831, 200, 0, 5.0, 5, 5, 98, 2010
832, 200, 0, 5.0, 5, 5, 97, 2010
833, 200, 0, 5.0, 5, 5, 97, 1980
834, 200, 0, 5.0, 5, 5, 98, 2000
835, 200, 0, 5.0, 5, 5, 98, 2000
836, 200, 0, 5.0, 5, 5, 98, 2000
837, 200, 0, 5.0, 5, 5, 98, 2000
838, 200, 0, 5.0, 5, 5, 98, 2000
839, 200, 0, 5.0, 5, 5, 98, 2000
840, 200, 0, 5.0, 5, 5, 98, 2010
841, 200, 0, 5.0, 5, 5, 97, 1990
842, 200, 0, 5.0, 5, 5, 98, 2000
843, 200, 0, 5.0, 5, 5, 98, 2000
844, 200, 0, 5.0, 5, 5, 98, 2000
845, 200, 0, 5.0, 5, 5, 98, 2010
846, 200, 0, 5.0, 5, 5, 97, 2000
847, 200, 0, 5.0, 5, 5, 97, 1990
848, 200, 0, 5.0, 5, 5, 98, 2000
849, 200, 0, 5.0, 5, 5, 98, 2000
850, 200, 0, 5.0, 5, 5, 98, 2000
851, 200, 0, 5.0, 5, 5, 98, 2000
852, 200, 0, 5.0, 5, 5, 98, 2000
853, 200, 0, 5.0, 5, 5, 98, 2000
854, 200, 0, 5.0, 5, 5, 98, 2000
855, 200, 0, 5.0, 5, 5, 98, 2000
856, 200, 0, 5.0, 5, 5, 98, 2000
857, 200, 0, 5.0, 5, 5, 98, 2010
858, 200, 0, 5.0, 5, 5, 97, 2010
859, 200, 0, 5.0, 5, 5, 97, 1980
860, 200, 0, 5.0, 5, 5, 98, 2000
861, 200, 0, 5.0, 5, 5, 98, 2000
862, 200, 0, 5.0, 5, 5, 98, 2000
863, 200, 0, 5.0, 5, 5, 98, 2000
864, 200, 0, 5.0, 5, 5, 98, 2000
865, 200, 0, 5.0, 5, 5, 98, 2000
866, 200, 0, 5.0, 5, 5, 98, 2000
867, 200, 0, 5.0, 5, 5, 98, 2000
868, 200, 0, 5.0, 5, 5, 98, 2000
869, 200, 0, 5.0, 5, 5, 98, 2000
870, 200, 0, 5.0, 5, 5, 98, 2010
871, 200, 0, 5.0, 5, 5, 98, 1990
872, 200, 0, 5.0, 5, 5, 98, 2000
873, 200, 0, 5.0, 5, 5, 98, 2000
874, 200, 0, 5.0, 5, 5, 98, 2000
875, 200, 0, 5.0, 5, 5, 98, 2000
876, 200, 0, 5.0, 5, 5, 98, 2000
877, 200, 0, 5.0, 5, 5, 98, 2010
878, 200, 0, 5.0, 5, 5, 97, 1990
879, 200, 0, 5.0, 5, 5, 98, 2000
880, 200, 0, 5.0, 5, 5, 98, 2010
881, 200, 0, 5.0, 5, 5, 97, 2000
882, 200, 0, 5.0, 5, 5, 97, 1990
883, 200, 0, 5.0, 5, 5, 98, 2000
884, 200, 0, 5.0, 5, 5, 98, 2010
885, 200, 0, 5.0, 5, 5, 97, 2010
886, 200, 0, 5.0, 5, 5, 97, 1990
887, 200, 0, 5.0, 5, 5, 97, 1990
888, 200, 0, 5.0, 5, 5, 98, 2000
889, 200, 0, 5.0, 5, 5, 98, 2000
890, 200, 0, 5.0, 5, 5, 98, 2000
891, 200, 0, 5.0, 5, 5, 98, 2000
892, 200, 0, 5.0, 5, 5, 98, 2000
893, 200, 0, 5.0, 5, 5, 98, 2000
894, 200, 0, 5.0, 5, 5, 98, 2000
895, 200, 0, 5.0, 5, 5, 98, 2000
896, 200, 0, 5.0, 5, 5, 98, 2000
897, 200, 0, 5.0, 5, 5, 98, 2010
898, 200, 0, 5.0, 5, 5, 97, 2000
899, 200, 0, 5.0, 5, 5, 97, 1990
900, 200, 0, 5.0, 5, 5, 98, 2000
901, 200, 0, 5.0, 5, 5, 98, 2000
902, 200, 0, 5.0, 5, 5, 98, 2000
903, 200, 0, 5.0, 5, 5, 98, 2000
904, 200, 0, 5.0, 5, 5, 98, 2030
905, 200, 0, 5.0, 5, 5, 96, 1970
906, 200, 0, 5.0, 5, 5, 98, 2000
907, 200, 0, 5.0, 5, 5, 98, 2000
908, 200, 0, 5.0, 5, 5, 98, 2000
909, 200, 0, 5.0, 5, 5, 98, 2000
910, 200, 0, 5.0, 5, 5, 98, 2000
911, 200, 0, 5.0, 5, 5, 98, 2000
912, 200, 0, 5.0, 5, 5, 98, 2000
913, 200, 0, 5.0, 5, 5, 98, 2000
914, 200, 0, 5.0, 5, 5, 98, 2020
915, 200, 0, 5.0, 5, 5, 97, 1980
916, 200, 0, 5.0, 5, 5, 98, 2010
917, 200, 0, 5.0, 5, 5, 97, 1990
918, 200, 0, 5.0, 5, 5, 98, 2000
919, 200, 0, 5.0, 5, 5, 98, 2000
920, 200, 0, 5.0, 5, 5, 98, 2000
921, 200, 0, 5.0, 5, 5, 98, 2000
922, 200, 0, 5.0, 5, 5, 98, 2010
923, 200, 0, 5.0, 5, 5, 97, 1990
924, 200, 0, 5.0, 5, 5, 98, 2000
925, 200, 0, 5.0, 5, 5, 98, 2000
926, 200, 0, 5.0, 5, 5, 98, 2010
927, 200, 0, 5.0, 5, 5, 97, 1990
928, 200, 0, 5.0, 5, 5, 98, 2000
929, 200, 0, 5.0, 5, 5, 98, 2010
930, 200, 0, 5.0, 5, 5, 97, 1990
931, 200, 0, 5.0, 5, 5, 98, 2020
932, 200, 0, 5.0, 5, 5, 97, 1980
933, 200, 0, 5.0, 5, 5, 98, 2010
934, 200, 0, 5.0, 5, 5, 97, 1990
935, 200, 0, 5.0, 5, 5, 98, 2010
936, 200, 0, 5.0, 5, 5, 97, 1990
937, 200, 0, 5.0, 5, 5, 98, 2010
938, 200, 0, 5.0, 5, 5, 97, 1990
939, 200, 0, 5.0, 5, 5, 98, 2010
940, 200, 0, 5.0, 5, 5, 97, 1990
941, 200, 0, 5.0, 5, 5, 98, 2000
942, 200, 0, 5.0, 5, 5, 98, 2000
943, 200, 0, 5.0, 5, 5, 98, 2000
944, 200, 0, 5.0, 5, 5, 98, 2000
945, 200, 0, 5.0, 5, 5, 98, 2000
946, 200, 0, 5.0, 5, 5, 98, 2000
947, 200, 0, 5.0, 5, 5, 98, 2010
948, 200, 0, 5.0, 5, 5, 97, 2000
949, 200, 0, 5.0, 5, 5, 97, 1990
950, 200, 0, 5.0, 5, 5, 98, 2010
951, 200, 0, 5.0, 5, 5, 97, 1990
952, 200, 0, 5.0, 5, 5, 98, 2000
953, 200, 0, 5.0, 5, 5, 98, 2000
954, 200, 0, 5.0, 5, 5, 98, 2000
955, 200, 0, 5.0, 5, 5, 98, 2000
956, 200, 0, 5.0, 5, 5, 98, 2000
957, 200, 0, 5.0, 5, 5, 98, 2000
958, 200, 0, 5.0, 5, 5, 98, 2000
959, 200, 0, 5.0, 5, 5, 98, 2010
960, 200, 0, 5.0, 5, 5, 97, 2010
961, 200, 0, 5.0, 5, 5, 97, 1980
962, 200, 0, 5.0, 5, 5, 98, 2000
963, 200, 0, 5.0, 5, 5, 98, 2000
964, 200, 0, 5.0, 5, 5, 98, 2000
965, 200, 0, 5.0, 5, 5, 98, 2000
966, 200, 0, 5.0, 5, 5, 98, 2020
967, 200, 0, 5.0, 5, 5, 97, 1980
968, 200, 0, 5.0, 5, 5, 98, 2010
969, 200, 0, 5.0, 5, 5, 97, 1990
970, 200, 0, 5.0, 5, 5, 98, 2010
971, 200, 0, 5.0, 5, 5, 97, 1990
972, 200, 0, 5.0, 5, 5, 98, 2000
973, 200, 0, 5.0, 5, 5, 98, 2000
974, 200, 0, 5.0, 5, 5, 98, 2000
975, 200, 0, 5.0, 5, 5, 98, 2010
976, 200, 0, 5.0, 5, 5, 97, 1990
977, 200, 0, 5.0, 5, 5, 98, 2010
978, 200, 0, 5.0, 5, 5, 97, 1990
979, 200, 0, 5.0, 5, 5, 98, 2000
980, 200, 0, 5.0, 5, 5, 98, 2020
981, 200, 0, 5.0, 5, 5, 97, 1980
982, 200, 0, 5.0, 5, 5, 98, 2000
983, 200, 0, 5.0, 5, 5, 98, 2000
984, 200, 0, 5.0, 5, 5, 98, 2000
985, 200, 0, 5.0, 5, 5, 98, 2000
986, 200, 0, 5.0, 5, 5, 98, 2010
987, 200, 0, 5.0, 5, 5, 97, 2000
988, 200, 0, 5.0, 5, 5, 97, 1990
989, 200, 0, 5.0, 5, 5, 98, 2000
990, 200, 0, 5.0, 5, 5, 98, 2000
991, 200, 0, 5.0, 5, 5, 98, 2000
992, 200, 0, 5.0, 5, 5, 98, 2000
993, 200, 0, 5.0, 5, 5, 98, 2000
994, 200, 0, 5.0, 5, 5, 98, 2000
995, 200, 0, 5.0, 5, 5, 98, 2000
996, 200, 0, 5.0, 5, 5, 98, 2000
997, 200, 0, 5.0, 5, 5, 98, 2000
998, 200, 0, 5.0, 5, 5, 98, 2000
999, 200, 0, 5.0, 5, 5, 98, 2000
