round, size, pvdup, meanpv, rpsneigh, sonneig, completeness, messages
1, 200, 0, 2.05, 0, 0, 0, 0
2, 200, 0, 2.05, 0, 0, 0, 0
3, 200, 0, 3.975, 3, 5, 0, 689
4, 200, 0, 4.745, 5, 5, 0, 953
5, 200, 0, 4.92, 5, 5, 0, 1002
6, 200, 0, 4.97, 5, 5, 1, 1003
7, 200, 0, 4.995, 5, 5, 2, 980
8, 200, 0, 5.0, 5, 5, 3, 1000
9, 200, 0, 5.0, 5, 5, 6, 1000
10, 200, 0, 5.0, 5, 5, 9, 1000
11, 200, 0, 5.0, 5, 5, 12, 1000
12, 200, 0, 5.0, 5, 5, 14, 1000
13, 200, 0, 5.0, 5, 5, 18, 1010
14, 200, 0, 5.0, 5, 5, 22, 990
15, 200, 0, 5.0, 5, 5, 28, 1000
16, 200, 0, 5.0, 5, 5, 40, 1010
17, 200, 0, 5.0, 5, 5, 48, 1000
18, 200, 0, 5.0, 5, 5, 52, 990
19, 200, 0, 5.0, 5, 5, 59, 1000
20, 200, 0, 5.0, 5, 5, 64, 1000
21, 200, 0, 5.0, 5, 5, 68, 1000
22, 200, 0, 5.0, 5, 5, 73, 1000
23, 200, 0, 5.0, 5, 5, 76, 1000
24, 200, 0, 5.0, 5, 5, 81, 1000
25, 200, 0, 5.0, 5, 5, 81, 1010
26, 200, 0, 5.0, 5, 5, 83, 990
27, 200, 0, 5.0, 5, 5, 86, 1000
28, 200, 0, 5.0, 5, 5, 86, 1000
29, 200, 0, 5.0, 5, 5, 87, 1000
30, 200, 0, 5.0, 5, 5, 89, 1010
31, 200, 0, 5.0, 5, 5, 91, 1000
32, 200, 0, 5.0, 5, 5, 93, 990
33, 200, 0, 5.0, 5, 5, 95, 1000
34, 200, 0, 5.0, 5, 5, 97, 1000
35, 200, 0, 5.0, 5, 5, 97, 1000
36, 200, 0, 5.0, 5, 5, 97, 1010
37, 200, 0, 5.0, 5, 5, 96, 990
38, 200, 0, 5.0, 5, 5, 97, 1000
39, 200, 0, 5.0, 5, 5, 97, 1010
40, 200, 0, 5.0, 5, 5, 96, 1000
41, 200, 0, 5.0, 5, 5, 96, 990
42, 200, 0, 5.0, 5, 5, 97, 1000
43, 200, 0, 5.0, 5, 5, 97, 1000
44, 200, 0, 5.0, 5, 5, 98, 1000
45, 200, 0, 5.0, 5, 5, 98, 1000
46, 200, 0, 5.0, 5, 5, 98, 1000
47, 200, 0, 5.0, 5, 5, 98, 1000
48, 200, 0, 5.0, 5, 5, 98, 1000
49, 200, 0, 5.0, 5, 5, 98, 1010
50, 200, 0, 5.0, 5, 5, 97, 990
51, 200, 0, 5.0, 5, 5, 98, 1000
52, 200, 0, 5.0, 5, 5, 98, 1000
53, 200, 0, 5.0, 5, 5, 98, 1000
54, 200, 0, 5.0, 5, 5, 98, 1000
55, 200, 0, 5.0, 5, 5, 98, 1000
56, 200, 0, 5.0, 5, 5, 98, 1000
57, 200, 0, 5.0, 5, 5, 98, 1020
58, 200, 0, 5.0, 5, 5, 96, 980
59, 200, 0, 5.0, 5, 5, 98, 1000
60, 200, 0, 5.0, 5, 5, 98, 1000
61, 200, 0, 5.0, 5, 5, 98, 1010
62, 200, 0, 5.0, 5, 5, 97, 990
63, 200, 0, 5.0, 5, 5, 98, 1010
64, 200, 0, 5.0, 5, 5, 97, 990
65, 200, 0, 5.0, 5, 5, 98, 1000
66, 200, 0, 5.0, 5, 5, 98, 1000
67, 200, 0, 5.0, 5, 5, 98, 1010
68, 200, 0, 5.0, 5, 5, 97, 990
69, 200, 0, 5.0, 5, 5, 98, 1000
70, 200, 0, 5.0, 5, 5, 98, 1000
71, 200, 0, 5.0, 5, 5, 98, 1000
72, 200, 0, 5.0, 5, 5, 98, 1000
73, 200, 0, 5.0, 5, 5, 98, 1000
74, 200, 0, 5.0, 5, 5, 98, 1000
75, 200, 0, 5.0, 5, 5, 98, 1010
76, 200, 0, 5.0, 5, 5, 97, 1000
77, 200, 0, 5.0, 5, 5, 97, 990
78, 200, 0, 5.0, 5, 5, 98, 1000
79, 200, 0, 5.0, 5, 5, 98, 1000
80, 200, 0, 5.0, 5, 5, 98, 1000
81, 200, 0, 5.0, 5, 5, 98, 1000
82, 200, 0, 5.0, 5, 5, 98, 1000
83, 200, 0, 5.0, 5, 5, 98, 1000
84, 200, 0, 5.0, 5, 5, 98, 1000
85, 200, 0, 5.0, 5, 5, 98, 1010
86, 200, 0, 5.0, 5, 5, 97, 1000
87, 200, 0, 5.0, 5, 5, 97, 990
88, 200, 0, 5.0, 5, 5, 98, 1000
89, 200, 0, 5.0, 5, 5, 98, 1000
90, 200, 0, 5.0, 5, 5, 98, 1000
91, 200, 0, 5.0, 5, 5, 98, 1000
92, 200, 0, 5.0, 5, 5, 98, 1000
93, 200, 0, 5.0, 5, 5, 98, 1000
94, 200, 0, 5.0, 5, 5, 98, 1010
95, 200, 0, 5.0, 5, 5, 97, 990
96, 200, 0, 5.0, 5, 5, 98, 1010
97, 200, 0, 5.0, 5, 5, 97, 990
98, 200, 0, 5.0, 5, 5, 98, 1000
99, 200, 0, 5.0, 5, 5, 98, 1000
100, 200, 0, 5.0, 5, 5, 98, 1010
101, 200, 0, 5.0, 5, 5, 97, 990
102, 200, 0, 5.0, 5, 5, 98, 1000
103, 200, 0, 5.0, 5, 5, 98, 1000
104, 200, 0, 5.0, 5, 5, 98, 1000
105, 200, 0, 5.0, 5, 5, 98, 1000
106, 200, 0, 5.0, 5, 5, 98, 1000
107, 200, 0, 5.0, 5, 5, 98, 1010
108, 200, 0, 5.0, 5, 5, 97, 990
109, 200, 0, 5.0, 5, 5, 98, 1000
110, 200, 0, 5.0, 5, 5, 98, 1020
111, 200, 0, 5.0, 5, 5, 96, 980
112, 200, 0, 5.0, 5, 5, 98, 1000
113, 200, 0, 5.0, 5, 5, 98, 1000
114, 200, 0, 5.0, 5, 5, 98, 1010
115, 200, 0, 5.0, 5, 5, 97, 990
116, 200, 0, 5.0, 5, 5, 98, 1010
117, 200, 0, 5.0, 5, 5, 97, 990
118, 200, 0, 5.0, 5, 5, 98, 1000
119, 200, 0, 5.0, 5, 5, 98, 1000
120, 200, 0, 5.0, 5, 5, 98, 1000
121, 200, 0, 5.0, 5, 5, 98, 1000
122, 200, 0, 5.0, 5, 5, 98, 1000
123, 200, 0, 5.0, 5, 5, 98, 1000
124, 200, 0, 5.0, 5, 5, 98, 1000
125, 200, 0, 5.0, 5, 5, 98, 1000
126, 200, 0, 5.0, 5, 5, 98, 1000
127, 200, 0, 5.0, 5, 5, 98, 1000
128, 200, 0, 5.0, 5, 5, 98, 1010
129, 200, 0, 5.0, 5, 5, 97, 990
130, 200, 0, 5.0, 5, 5, 98, 1000
131, 200, 0, 5.0, 5, 5, 98, 1000
132, 200, 0, 5.0, 5, 5, 98, 1000
133, 200, 0, 5.0, 5, 5, 98, 1000
134, 200, 0, 5.0, 5, 5, 98, 1000
135, 200, 0, 5.0, 5, 5, 98, 1000
136, 200, 0, 5.0, 5, 5, 98, 1000
137, 200, 0, 5.0, 5, 5, 98, 1000
138, 200, 0, 5.0, 5, 5, 98, 1000
139, 200, 0, 5.0, 5, 5, 98, 1000
140, 200, 0, 5.0, 5, 5, 98, 1000
141, 200, 0, 5.0, 5, 5, 98, 1000
142, 200, 0, 5.0, 5, 5, 98, 1000
143, 200, 0, 5.0, 5, 5, 98, 1000
144, 200, 0, 5.0, 5, 5, 98, 1000
145, 200, 0, 5.0, 5, 5, 98, 1010
146, 200, 0, 5.0, 5, 5, 97, 1000
147, 200, 0, 5.0, 5, 5, 97, 990
148, 200, 0, 5.0, 5, 5, 98, 1010
149, 200, 0, 5.0, 5, 5, 97, 990
150, 200, 0, 5.0, 5, 5, 98, 1010
151, 200, 0, 5.0, 5, 5, 97, 990
152, 200, 0, 5.0, 5, 5, 98, 1000
153, 200, 0, 5.0, 5, 5, 98, 1000
154, 200, 0, 5.0, 5, 5, 98, 1000
155, 200, 0, 5.0, 5, 5, 98, 1000
156, 200, 0, 5.0, 5, 5, 98, 1000
157, 200, 0, 5.0, 5, 5, 98, 1000
158, 200, 0, 5.0, 5, 5, 98, 1000
159, 200, 0, 5.0, 5, 5, 98, 1000
160, 200, 0, 5.0, 5, 5, 98, 1000
161, 200, 0, 5.0, 5, 5, 98, 1000
162, 200, 0, 5.0, 5, 5, 98, 1000
163, 200, 0, 5.0, 5, 5, 98, 1000
164, 200, 0, 5.0, 5, 5, 98, 1000
165, 200, 0, 5.0, 5, 5, 98, 1000
166, 200, 0, 5.0, 5, 5, 98, 1000
167, 200, 0, 5.0, 5, 5, 98, 1000
168, 200, 0, 5.0, 5, 5, 98, 1000
169, 200, 0, 5.0, 5, 5, 98, 1000
170, 200, 0, 5.0, 5, 5, 98, 1000
171, 200, 0, 5.0, 5, 5, 98, 1000
172, 200, 0, 5.0, 5, 5, 98, 1000
173, 200, 0, 5.0, 5, 5, 98, 1000
174, 200, 0, 5.0, 5, 5, 98, 1000
175, 200, 0, 5.0, 5, 5, 98, 1010
176, 200, 0, 5.0, 5, 5, 97, 990
177, 200, 0, 5.0, 5, 5, 98, 1000
178, 200, 0, 5.0, 5, 5, 98, 1000
179, 200, 0, 5.0, 5, 5, 98, 1000
180, 200, 0, 5.0, 5, 5, 98, 1000
181, 200, 0, 5.0, 5, 5, 98, 1000
182, 200, 0, 5.0, 5, 5, 98, 1000
183, 200, 0, 5.0, 5, 5, 98, 1000
184, 200, 0, 5.0, 5, 5, 98, 1000
185, 200, 0, 5.0, 5, 5, 98, 1000
186, 200, 0, 5.0, 5, 5, 98, 1000
187, 200, 0, 5.0, 5, 5, 98, 1010
188, 200, 0, 5.0, 5, 5, 97, 990
189, 200, 0, 5.0, 5, 5, 98, 1000
190, 200, 0, 5.0, 5, 5, 98, 1000
191, 200, 0, 5.0, 5, 5, 98, 1010
192, 200, 0, 5.0, 5, 5, 97, 990
193, 200, 0, 5.0, 5, 5, 98, 1000
194, 200, 0, 5.0, 5, 5, 98, 1000
195, 200, 0, 5.0, 5, 5, 98, 1000
196, 200, 0, 5.0, 5, 5, 98, 1010
197, 200, 0, 5.0, 5, 5, 97, 990
198, 200, 0, 5.0, 5, 5, 98, 1000
199, 200, 0, 5.0, 5, 5, 98, 1000
200, 200, 0, 5.0, 5, 5, 98, 1000
201, 200, 0, 5.0, 5, 5, 98, 1000
202, 200, 0, 5.0, 5, 5, 98, 1010
203, 200, 0, 5.0, 5, 5, 97, 1000
204, 200, 0, 5.0, 5, 5, 97, 990
205, 200, 0, 5.0, 5, 5, 98, 1000
206, 200, 0, 5.0, 5, 5, 98, 1000
207, 200, 0, 5.0, 5, 5, 98, 1000
208, 200, 0, 5.0, 5, 5, 98, 1000
209, 200, 0, 5.0, 5, 5, 98, 1000
210, 200, 0, 5.0, 5, 5, 98, 1000
211, 200, 0, 5.0, 5, 5, 98, 1000
212, 200, 0, 5.0, 5, 5, 98, 1000
213, 200, 0, 5.0, 5, 5, 98, 1000
214, 200, 0, 5.0, 5, 5, 98, 1000
215, 200, 0, 5.0, 5, 5, 98, 1000
216, 200, 0, 5.0, 5, 5, 98, 1000
217, 200, 0, 5.0, 5, 5, 98, 1000
218, 200, 0, 5.0, 5, 5, 98, 1000
219, 200, 0, 5.0, 5, 5, 98, 1000
220, 200, 0, 5.0, 5, 5, 98, 1000
221, 200, 0, 5.0, 5, 5, 98, 1010
222, 200, 0, 5.0, 5, 5, 97, 990
223, 200, 0, 5.0, 5, 5, 98, 1000
224, 200, 0, 5.0, 5, 5, 98, 1000
225, 200, 0, 5.0, 5, 5, 98, 1000
226, 200, 0, 5.0, 5, 5, 98, 1000
227, 200, 0, 5.0, 5, 5, 98, 1000
228, 200, 0, 5.0, 5, 5, 98, 1010
229, 200, 0, 5.0, 5, 5, 97, 990
230, 200, 0, 5.0, 5, 5, 98, 1000
231, 200, 0, 5.0, 5, 5, 98, 1010
232, 200, 0, 5.0, 5, 5, 97, 990
233, 200, 0, 5.0, 5, 5, 98, 1000
234, 200, 0, 5.0, 5, 5, 98, 1000
235, 200, 0, 5.0, 5, 5, 98, 1000
236, 200, 0, 5.0, 5, 5, 98, 1000
237, 200, 0, 5.0, 5, 5, 98, 1000
238, 200, 0, 5.0, 5, 5, 98, 1000
239, 200, 0, 5.0, 5, 5, 98, 1010
240, 200, 0, 5.0, 5, 5, 97, 990
241, 200, 0, 5.0, 5, 5, 98, 1000
242, 200, 0, 5.0, 5, 5, 98, 1010
243, 200, 0, 5.0, 5, 5, 97, 990
244, 200, 0, 5.0, 5, 5, 98, 1010
245, 200, 0, 5.0, 5, 5, 97, 990
246, 200, 0, 5.0, 5, 5, 98, 1000
247, 200, 0, 5.0, 5, 5, 98, 1000
248, 200, 0, 5.0, 5, 5, 98, 1000
249, 200, 0, 5.0, 5, 5, 98, 1000
250, 200, 0, 5.0, 5, 5, 98, 1000
251, 200, 0, 5.0, 5, 5, 98, 1000
252, 200, 0, 5.0, 5, 5, 98, 1000
253, 200, 0, 5.0, 5, 5, 98, 1000
254, 200, 0, 5.0, 5, 5, 98, 1000
255, 200, 0, 5.0, 5, 5, 98, 1000
256, 200, 0, 5.0, 5, 5, 98, 1000
257, 200, 0, 5.0, 5, 5, 98, 1000
258, 200, 0, 5.0, 5, 5, 98, 1000
259, 200, 0, 5.0, 5, 5, 98, 1000
260, 200, 0, 5.0, 5, 5, 98, 1000
261, 200, 0, 5.0, 5, 5, 98, 1000
262, 200, 0, 5.0, 5, 5, 98, 1000
263, 200, 0, 5.0, 5, 5, 98, 1010
264, 200, 0, 5.0, 5, 5, 98, 990
265, 200, 0, 5.0, 5, 5, 98, 1000
266, 200, 0, 5.0, 5, 5, 98, 1000
267, 200, 0, 5.0, 5, 5, 98, 1000
268, 200, 0, 5.0, 5, 5, 98, 1000
269, 200, 0, 5.0, 5, 5, 98, 1000
270, 200, 0, 5.0, 5, 5, 98, 1000
271, 200, 0, 5.0, 5, 5, 98, 1000
272, 200, 0, 5.0, 5, 5, 98, 1000
273, 200, 0, 5.0, 5, 5, 98, 1000
274, 200, 0, 5.0, 5, 5, 98, 1000
275, 200, 0, 5.0, 5, 5, 98, 1000
276, 200, 0, 5.0, 5, 5, 98, 1000
277, 200, 0, 5.0, 5, 5, 98, 1000
278, 200, 0, 5.0, 5, 5, 98, 1000
279, 200, 0, 5.0, 5, 5, 98, 1000
280, 200, 0, 5.0, 5, 5, 98, 1000
281, 200, 0, 5.0, 5, 5, 98, 1000
282, 200, 0, 5.0, 5, 5, 98, 1010
283, 200, 0, 5.0, 5, 5, 97, 990
284, 200, 0, 5.0, 5, 5, 98, 1000
285, 200, 0, 5.0, 5, 5, 98, 1000
286, 200, 0, 5.0, 5, 5, 98, 1000
287, 200, 0, 5.0, 5, 5, 98, 1000
288, 200, 0, 5.0, 5, 5, 98, 1010
289, 200, 0, 5.0, 5, 5, 97, 990
290, 200, 0, 5.0, 5, 5, 98, 1000
291, 200, 0, 5.0, 5, 5, 98, 1000
292, 200, 0, 5.0, 5, 5, 98, 1000
293, 200, 0, 5.0, 5, 5, 98, 1000
294, 200, 0, 5.0, 5, 5, 98, 1000
295, 200, 0, 5.0, 5, 5, 98, 1000
296, 200, 0, 5.0, 5, 5, 98, 1030
297, 200, 0, 5.0, 5, 5, 95, 970
298, 200, 0, 5.0, 5, 5, 98, 1000
299, 200, 0, 5.0, 5, 5, 98, 1000
300, 200, 0, 5.0, 5, 5, 98, 1000
301, 200, 0, 5.0, 5, 5, 98, 1010
302, 200, 0, 5.0, 5, 5, 97, 990
303, 200, 0, 5.0, 5, 5, 98, 1000
304, 200, 0, 5.0, 5, 5, 98, 1000
305, 200, 0, 5.0, 5, 5, 98, 1010
306, 200, 0, 5.0, 5, 5, 97, 990
307, 200, 0, 5.0, 5, 5, 98, 1010
308, 200, 0, 5.0, 5, 5, 97, 990
309, 200, 0, 5.0, 5, 5, 98, 1000
310, 200, 0, 5.0, 5, 5, 98, 1000
311, 200, 0, 5.0, 5, 5, 98, 1000
312, 200, 0, 5.0, 5, 5, 98, 1000
313, 200, 0, 5.0, 5, 5, 98, 1000
314, 200, 0, 5.0, 5, 5, 98, 1000
315, 200, 0, 5.0, 5, 5, 98, 1000
316, 200, 0, 5.0, 5, 5, 98, 1000
317, 200, 0, 5.0, 5, 5, 98, 1000
318, 200, 0, 5.0, 5, 5, 98, 1000
319, 200, 0, 5.0, 5, 5, 98, 1000
320, 200, 0, 5.0, 5, 5, 98, 1000
321, 200, 0, 5.0, 5, 5, 98, 1000
322, 200, 0, 5.0, 5, 5, 98, 1000
323, 200, 0, 5.0, 5, 5, 98, 1000
324, 200, 0, 5.0, 5, 5, 98, 1000
325, 200, 0, 5.0, 5, 5, 98, 1000
326, 200, 0, 5.0, 5, 5, 98, 1000
327, 200, 0, 5.0, 5, 5, 98, 1000
328, 200, 0, 5.0, 5, 5, 98, 1000
329, 200, 0, 5.0, 5, 5, 98, 1000
330, 200, 0, 5.0, 5, 5, 98, 1000
331, 200, 0, 5.0, 5, 5, 98, 1000
332, 200, 0, 5.0, 5, 5, 98, 1000
333, 200, 0, 5.0, 5, 5, 98, 1010
334, 200, 0, 5.0, 5, 5, 97, 990
335, 200, 0, 5.0, 5, 5, 98, 1000
336, 200, 0, 5.0, 5, 5, 98, 1000
337, 200, 0, 5.0, 5, 5, 98, 1000
338, 200, 0, 5.0, 5, 5, 98, 1000
339, 200, 0, 5.0, 5, 5, 98, 1000
340, 200, 0, 5.0, 5, 5, 98, 1000
341, 200, 0, 5.0, 5, 5, 98, 1000
342, 200, 0, 5.0, 5, 5, 98, 1000
343, 200, 0, 5.0, 5, 5, 98, 1000
344, 200, 0, 5.0, 5, 5, 98, 1000
345, 200, 0, 5.0, 5, 5, 98, 1000
346, 200, 0, 5.0, 5, 5, 98, 1010
347, 200, 0, 5.0, 5, 5, 97, 990
348, 200, 0, 5.0, 5, 5, 98, 1010
349, 200, 0, 5.0, 5, 5, 97, 990
350, 200, 0, 5.0, 5, 5, 98, 1000
351, 200, 0, 5.0, 5, 5, 98, 1000
352, 200, 0, 5.0, 5, 5, 98, 1010
353, 200, 0, 5.0, 5, 5, 97, 990
354, 200, 0, 5.0, 5, 5, 98, 1000
355, 200, 0, 5.0, 5, 5, 98, 1000
356, 200, 0, 5.0, 5, 5, 98, 1000
357, 200, 0, 5.0, 5, 5, 98, 1000
358, 200, 0, 5.0, 5, 5, 98, 1000
359, 200, 0, 5.0, 5, 5, 98, 1000
360, 200, 0, 5.0, 5, 5, 98, 1000
361, 200, 0, 5.0, 5, 5, 98, 1000
362, 200, 0, 5.0, 5, 5, 98, 1010
363, 200, 0, 5.0, 5, 5, 97, 990
364, 200, 0, 5.0, 5, 5, 98, 1000
365, 200, 0, 5.0, 5, 5, 98, 1000
366, 200, 0, 5.0, 5, 5, 98, 1000
367, 200, 0, 5.0, 5, 5, 98, 1000
368, 200, 0, 5.0, 5, 5, 98, 1000
369, 200, 0, 5.0, 5, 5, 98, 1000
370, 200, 0, 5.0, 5, 5, 98, 1000
371, 200, 0, 5.0, 5, 5, 98, 1000
372, 200, 0, 5.0, 5, 5, 98, 1010
373, 200, 0, 5.0, 5, 5, 97, 990
374, 200, 0, 5.0, 5, 5, 98, 1000
375, 200, 0, 5.0, 5, 5, 98, 1010
376, 200, 0, 5.0, 5, 5, 97, 990
377, 200, 0, 5.0, 5, 5, 98, 1000
378, 200, 0, 5.0, 5, 5, 98, 1000
379, 200, 0, 5.0, 5, 5, 98, 1000
380, 200, 0, 5.0, 5, 5, 98, 1000
381, 200, 0, 5.0, 5, 5, 98, 1000
382, 200, 0, 5.0, 5, 5, 98, 1000
383, 200, 0, 5.0, 5, 5, 98, 1000
384, 200, 0, 5.0, 5, 5, 98, 1000
385, 200, 0, 5.0, 5, 5, 98, 1000
386, 200, 0, 5.0, 5, 5, 98, 1000
387, 200, 0, 5.0, 5, 5, 98, 1000
388, 200, 0, 5.0, 5, 5, 98, 1000
389, 200, 0, 5.0, 5, 5, 98, 1010
390, 200, 0, 5.0, 5, 5, 97, 990
391, 200, 0, 5.0, 5, 5, 98, 1000
392, 200, 0, 5.0, 5, 5, 98, 1000
393, 200, 0, 5.0, 5, 5, 98, 1000
394, 200, 0, 5.0, 5, 5, 98, 1000
395, 200, 0, 5.0, 5, 5, 98, 1000
396, 200, 0, 5.0, 5, 5, 98, 1000
397, 200, 0, 5.0, 5, 5, 98, 1000
398, 200, 0, 5.0, 5, 5, 98, 1000
399, 200, 0, 5.0, 5, 5, 98, 1000
400, 200, 0, 5.0, 5, 5, 98, 1000
401, 200, 0, 5.0, 5, 5, 98, 1000
402, 200, 0, 5.0, 5, 5, 98, 1000
403, 200, 0, 5.0, 5, 5, 98, 1010
404, 200, 0, 5.0, 5, 5, 97, 990
405, 200, 0, 5.0, 5, 5, 98, 1000
406, 200, 0, 5.0, 5, 5, 98, 1000
407, 200, 0, 5.0, 5, 5, 98, 1000
408, 200, 0, 5.0, 5, 5, 98, 1010
409, 200, 0, 5.0, 5, 5, 97, 990
410, 200, 0, 5.0, 5, 5, 98, 1000
411, 200, 0, 5.0, 5, 5, 98, 1000
412, 200, 0, 5.0, 5, 5, 98, 1000
413, 200, 0, 5.0, 5, 5, 98, 1000
414, 200, 0, 5.0, 5, 5, 98, 1010
415, 200, 0, 5.0, 5, 5, 97, 990
416, 200, 0, 5.0, 5, 5, 98, 1000
417, 200, 0, 5.0, 5, 5, 98, 1000
418, 200, 0, 5.0, 5, 5, 98, 1000
419, 200, 0, 5.0, 5, 5, 98, 1000
420, 200, 0, 5.0, 5, 5, 98, 1000
421, 200, 0, 5.0, 5, 5, 98, 1000
422, 200, 0, 5.0, 5, 5, 98, 1000
423, 200, 0, 5.0, 5, 5, 98, 1000
424, 200, 0, 5.0, 5, 5, 98, 1010
425, 200, 0, 5.0, 5, 5, 97, 990
426, 200, 0, 5.0, 5, 5, 98, 1000
427, 200, 0, 5.0, 5, 5, 98, 1000
428, 200, 0, 5.0, 5, 5, 98, 1000
429, 200, 0, 5.0, 5, 5, 98, 1000
430, 200, 0, 5.0, 5, 5, 98, 1000
431, 200, 0, 5.0, 5, 5, 98, 1000
432, 200, 0, 5.0, 5, 5, 98, 1010
433, 200, 0, 5.0, 5, 5, 97, 1000
434, 200, 0, 5.0, 5, 5, 97, 990
435, 200, 0, 5.0, 5, 5, 98, 1000
436, 200, 0, 5.0, 5, 5, 98, 1000
437, 200, 0, 5.0, 5, 5, 98, 1000
438, 200, 0, 5.0, 5, 5, 98, 1000
439, 200, 0, 5.0, 5, 5, 98, 1000
440, 200, 0, 5.0, 5, 5, 98, 1010
441, 200, 0, 5.0, 5, 5, 97, 990
442, 200, 0, 5.0, 5, 5, 98, 1000
443, 200, 0, 5.0, 5, 5, 98, 1000
444, 200, 0, 5.0, 5, 5, 98, 1000
445, 200, 0, 5.0, 5, 5, 98, 1000
446, 200, 0, 5.0, 5, 5, 98, 1000
447, 200, 0, 5.0, 5, 5, 98, 1000
448, 200, 0, 5.0, 5, 5, 98, 1000
449, 200, 0, 5.0, 5, 5, 98, 1010
450, 200, 0, 5.0, 5, 5, 97, 990
451, 200, 0, 5.0, 5, 5, 98, 1000
452, 200, 0, 5.0, 5, 5, 98, 1000
453, 200, 0, 5.0, 5, 5, 98, 1000
454, 200, 0, 5.0, 5, 5, 98, 1010
455, 200, 0, 5.0, 5, 5, 97, 990
456, 200, 0, 5.0, 5, 5, 98, 1000
457, 200, 0, 5.0, 5, 5, 98, 1000
458, 200, 0, 5.0, 5, 5, 98, 1000
459, 200, 0, 5.0, 5, 5, 98, 1010
460, 200, 0, 5.0, 5, 5, 97, 990
461, 200, 0, 5.0, 5, 5, 98, 1000
462, 200, 0, 5.0, 5, 5, 98, 1000
463, 200, 0, 5.0, 5, 5, 98, 1000
464, 200, 0, 5.0, 5, 5, 98, 1000
465, 200, 0, 5.0, 5, 5, 98, 1000
466, 200, 0, 5.0, 5, 5, 98, 1010
467, 200, 0, 5.0, 5, 5, 97, 990
468, 200, 0, 5.0, 5, 5, 98, 1000
469, 200, 0, 5.0, 5, 5, 98, 1000
470, 200, 0, 5.0, 5, 5, 98, 1010
471, 200, 0, 5.0, 5, 5, 97, 1000
472, 200, 0, 5.0, 5, 5, 97, 990
473, 200, 0, 5.0, 5, 5, 98, 1000
474, 200, 0, 5.0, 5, 5, 98, 1000
475, 200, 0, 5.0, 5, 5, 98, 1000
476, 200, 0, 5.0, 5, 5, 98, 1000
477, 200, 0, 5.0, 5, 5, 98, 1010
478, 200, 0, 5.0, 5, 5, 97, 990
479, 200, 0, 5.0, 5, 5, 98, 1000
480, 200, 0, 5.0, 5, 5, 98, 1000
481, 200, 0, 5.0, 5, 5, 98, 1010
482, 200, 0, 5.0, 5, 5, 97, 990
483, 200, 0, 5.0, 5, 5, 98, 1010
484, 200, 0, 5.0, 5, 5, 97, 990
485, 200, 0, 5.0, 5, 5, 98, 1000
486, 200, 0, 5.0, 5, 5, 98, 1010
487, 200, 0, 5.0, 5, 5, 97, 990
488, 200, 0, 5.0, 5, 5, 98, 1000
489, 200, 0, 5.0, 5, 5, 98, 1000
490, 200, 0, 5.0, 5, 5, 98, 1000
491, 200, 0, 5.0, 5, 5, 98, 1000
492, 200, 0, 5.0, 5, 5, 98, 1000
493, 200, 0, 5.0, 5, 5, 98, 1000
494, 200, 0, 5.0, 5, 5, 98, 1000
495, 200, 0, 5.0, 5, 5, 98, 1000
496, 200, 0, 5.0, 5, 5, 98, 1000
497, 200, 0, 5.0, 5, 5, 98, 1000
498, 200, 0, 5.0, 5, 5, 98, 1010
499, 200, 0, 5.0, 5, 5, 97, 990
500, 200, 0, 5.0, 5, 5, 98, 1000
501, 200, 0, 5.0, 5, 5, 98, 1000
502, 200, 0, 5.0, 5, 5, 98, 1000
503, 200, 0, 5.0, 5, 5, 98, 1000
504, 200, 0, 5.0, 5, 5, 98, 1000
505, 200, 0, 5.0, 5, 5, 98, 1000
506, 200, 0, 5.0, 5, 5, 98, 1000
507, 200, 0, 5.0, 5, 5, 98, 1010
508, 200, 0, 5.0, 5, 5, 97, 990
509, 200, 0, 5.0, 5, 5, 98, 1000
510, 200, 0, 5.0, 5, 5, 98, 1000
511, 200, 0, 5.0, 5, 5, 98, 1000
512, 200, 0, 5.0, 5, 5, 98, 1000
513, 200, 0, 5.0, 5, 5, 98, 1000
514, 200, 0, 5.0, 5, 5, 98, 1000
515, 200, 0, 5.0, 5, 5, 98, 1000
516, 200, 0, 5.0, 5, 5, 98, 1000
517, 200, 0, 5.0, 5, 5, 98, 1000
518, 200, 0, 5.0, 5, 5, 98, 1000
519, 200, 0, 5.0, 5, 5, 98, 1010
520, 200, 0, 5.0, 5, 5, 97, 1000
521, 200, 0, 5.0, 5, 5, 97, 990
522, 200, 0, 5.0, 5, 5, 98, 1000
523, 200, 0, 5.0, 5, 5, 98, 1000
524, 200, 0, 5.0, 5, 5, 98, 1000
525, 200, 0, 5.0, 5, 5, 98, 1000
526, 200, 0, 5.0, 5, 5, 98, 1000
527, 200, 0, 5.0, 5, 5, 98, 1000
528, 200, 0, 5.0, 5, 5, 98, 1000
529, 200, 0, 5.0, 5, 5, 98, 1000
530, 200, 0, 5.0, 5, 5, 98, 1000
531, 200, 0, 5.0, 5, 5, 98, 1000
532, 200, 0, 5.0, 5, 5, 98, 1010
533, 200, 0, 5.0, 5, 5, 97, 990
534, 200, 0, 5.0, 5, 5, 98, 1000
535, 200, 0, 5.0, 5, 5, 98, 1000
536, 200, 0, 5.0, 5, 5, 98, 1010
537, 200, 0, 5.0, 5, 5, 97, 990
538, 200, 0, 5.0, 5, 5, 98, 1000
539, 200, 0, 5.0, 5, 5, 98, 1000
540, 200, 0, 5.0, 5, 5, 98, 1010
541, 200, 0, 5.0, 5, 5, 98, 1000
542, 200, 0, 5.0, 5, 5, 97, 990
543, 200, 0, 5.0, 5, 5, 98, 1000
544, 200, 0, 5.0, 5, 5, 98, 1000
545, 200, 0, 5.0, 5, 5, 98, 1010
546, 200, 0, 5.0, 5, 5, 97, 1000
547, 200, 0, 5.0, 5, 5, 97, 990
548, 200, 0, 5.0, 5, 5, 98, 1000
549, 200, 0, 5.0, 5, 5, 98, 1000
550, 200, 0, 5.0, 5, 5, 98, 1000
551, 200, 0, 5.0, 5, 5, 98, 1000
552, 200, 0, 5.0, 5, 5, 98, 1000
553, 200, 0, 5.0, 5, 5, 98, 1000
554, 200, 0, 5.0, 5, 5, 98, 1000
555, 200, 0, 5.0, 5, 5, 98, 1000
556, 200, 0, 5.0, 5, 5, 98, 1000
557, 200, 0, 5.0, 5, 5, 98, 1010
558, 200, 0, 5.0, 5, 5, 97, 990
559, 200, 0, 5.0, 5, 5, 98, 1000
560, 200, 0, 5.0, 5, 5, 98, 1000
561, 200, 0, 5.0, 5, 5, 98, 1020
562, 200, 0, 5.0, 5, 5, 96, 990
563, 200, 0, 5.0, 5, 5, 97, 990
564, 200, 0, 5.0, 5, 5, 98, 1000
565, 200, 0, 5.0, 5, 5, 98, 1010
566, 200, 0, 5.0, 5, 5, 98, 990
567, 200, 0, 5.0, 5, 5, 98, 1000
568, 200, 0, 5.0, 5, 5, 98, 1000
569, 200, 0, 5.0, 5, 5, 98, 1000
570, 200, 0, 5.0, 5, 5, 98, 1000
571, 200, 0, 5.0, 5, 5, 98, 1000
572, 200, 0, 5.0, 5, 5, 98, 1000
573, 200, 0, 5.0, 5, 5, 98, 1010
574, 200, 0, 5.0, 5, 5, 97, 990
575, 200, 0, 5.0, 5, 5, 98, 1000
576, 200, 0, 5.0, 5, 5, 98, 1000
577, 200, 0, 5.0, 5, 5, 98, 1000
578, 200, 0, 5.0, 5, 5, 98, 1000
579, 200, 0, 5.0, 5, 5, 98, 1000
580, 200, 0, 5.0, 5, 5, 98, 1000
581, 200, 0, 5.0, 5, 5, 98, 1000
582, 200, 0, 5.0, 5, 5, 98, 1000
583, 200, 0, 5.0, 5, 5, 98, 1010
584, 200, 0, 5.0, 5, 5, 97, 990
585, 200, 0, 5.0, 5, 5, 98, 1000
586, 200, 0, 5.0, 5, 5, 98, 1000
587, 200, 0, 5.0, 5, 5, 98, 1000
588, 200, 0, 5.0, 5, 5, 98, 1000
589, 200, 0, 5.0, 5, 5, 98, 1000
590, 200, 0, 5.0, 5, 5, 98, 1000
591, 200, 0, 5.0, 5, 5, 98, 1000
592, 200, 0, 5.0, 5, 5, 98, 1000
593, 200, 0, 5.0, 5, 5, 98, 1000
594, 200, 0, 5.0, 5, 5, 98, 1000
595, 200, 0, 5.0, 5, 5, 98, 1000
596, 200, 0, 5.0, 5, 5, 98, 1000
597, 200, 0, 5.0, 5, 5, 98, 1000
598, 200, 0, 5.0, 5, 5, 98, 1000
599, 200, 0, 5.0, 5, 5, 98, 1000
600, 200, 0, 5.0, 5, 5, 98, 1000
601, 200, 0, 5.0, 5, 5, 98, 1000
602, 200, 0, 5.0, 5, 5, 98, 1000
603, 200, 0, 5.0, 5, 5, 98, 1000
604, 200, 0, 5.0, 5, 5, 98, 1000
605, 200, 0, 5.0, 5, 5, 98, 1000
606, 200, 0, 5.0, 5, 5, 98, 1000
607, 200, 0, 5.0, 5, 5, 98, 1000
608, 200, 0, 5.0, 5, 5, 98, 1000
609, 200, 0, 5.0, 5, 5, 98, 1000
610, 200, 0, 5.0, 5, 5, 98, 1000
611, 200, 0, 5.0, 5, 5, 98, 1010
612, 200, 0, 5.0, 5, 5, 97, 990
613, 200, 0, 5.0, 5, 5, 98, 1000
614, 200, 0, 5.0, 5, 5, 98, 1000
615, 200, 0, 5.0, 5, 5, 98, 1000
616, 200, 0, 5.0, 5, 5, 98, 1000
617, 200, 0, 5.0, 5, 5, 98, 1000
618, 200, 0, 5.0, 5, 5, 98, 1000
619, 200, 0, 5.0, 5, 5, 98, 1020
620, 200, 0, 5.0, 5, 5, 96, 980
621, 200, 0, 5.0, 5, 5, 98, 1000
622, 200, 0, 5.0, 5, 5, 98, 1000
623, 200, 0, 5.0, 5, 5, 98, 1010
624, 200, 0, 5.0, 5, 5, 97, 990
625, 200, 0, 5.0, 5, 5, 98, 1000
626, 200, 0, 5.0, 5, 5, 98, 1000
627, 200, 0, 5.0, 5, 5, 98, 1000
628, 200, 0, 5.0, 5, 5, 98, 1000
629, 200, 0, 5.0, 5, 5, 98, 1000
630, 200, 0, 5.0, 5, 5, 98, 1000
631, 200, 0, 5.0, 5, 5, 98, 1010
632, 200, 0, 5.0, 5, 5, 97, 990
633, 200, 0, 5.0, 5, 5, 98, 1000
634, 200, 0, 5.0, 5, 5, 98, 1000
635, 200, 0, 5.0, 5, 5, 98, 1000
636, 200, 0, 5.0, 5, 5, 98, 1000
637, 200, 0, 5.0, 5, 5, 98, 1000
638, 200, 0, 5.0, 5, 5, 98, 1000
639, 200, 0, 5.0, 5, 5, 98, 1000
640, 200, 0, 5.0, 5, 5, 98, 1010
641, 200, 0, 5.0, 5, 5, 97, 990
642, 200, 0, 5.0, 5, 5, 98, 1000
643, 200, 0, 5.0, 5, 5, 98, 1000
644, 200, 0, 5.0, 5, 5, 98, 1000
645, 200, 0, 5.0, 5, 5, 98, 1000
646, 200, 0, 5.0, 5, 5, 98, 1000
647, 200, 0, 5.0, 5, 5, 98, 1000
648, 200, 0, 5.0, 5, 5, 98, 1000
649, 200, 0, 5.0, 5, 5, 98, 1000
650, 200, 0, 5.0, 5, 5, 98, 1000
651, 200, 0, 5.0, 5, 5, 98, 1000
652, 200, 0, 5.0, 5, 5, 98, 1000
653, 200, 0, 5.0, 5, 5, 98, 1010
654, 200, 0, 5.0, 5, 5, 97, 990
655, 200, 0, 5.0, 5, 5, 98, 1000
656, 200, 0, 5.0, 5, 5, 98, 1000
657, 200, 0, 5.0, 5, 5, 98, 1000
658, 200, 0, 5.0, 5, 5, 98, 1000
659, 200, 0, 5.0, 5, 5, 98, 1000
660, 200, 0, 5.0, 5, 5, 98, 1000
661, 200, 0, 5.0, 5, 5, 98, 1000
662, 200, 0, 5.0, 5, 5, 98, 1000
663, 200, 0, 5.0, 5, 5, 98, 1000
664, 200, 0, 5.0, 5, 5, 98, 1000
665, 200, 0, 5.0, 5, 5, 98, 1000
666, 200, 0, 5.0, 5, 5, 98, 1000
667, 200, 0, 5.0, 5, 5, 98, 1000
668, 200, 0, 5.0, 5, 5, 98, 1000
669, 200, 0, 5.0, 5, 5, 98, 1000
670, 200, 0, 5.0, 5, 5, 98, 1000
671, 200, 0, 5.0, 5, 5, 98, 1000
672, 200, 0, 5.0, 5, 5, 98, 1000
673, 200, 0, 5.0, 5, 5, 98, 1000
674, 200, 0, 5.0, 5, 5, 98, 1010
675, 200, 0, 5.0, 5, 5, 97, 990
676, 200, 0, 5.0, 5, 5, 98, 1000
677, 200, 0, 5.0, 5, 5, 98, 1020
678, 200, 0, 5.0, 5, 5, 96, 980
679, 200, 0, 5.0, 5, 5, 98, 1000
680, 200, 0, 5.0, 5, 5, 98, 1000
681, 200, 0, 5.0, 5, 5, 98, 1000
682, 200, 0, 5.0, 5, 5, 98, 1000
683, 200, 0, 5.0, 5, 5, 98, 1000
684, 200, 0, 5.0, 5, 5, 98, 1000
685, 200, 0, 5.0, 5, 5, 98, 1000
686, 200, 0, 5.0, 5, 5, 98, 1010
687, 200, 0, 5.0, 5, 5, 97, 990
688, 200, 0, 5.0, 5, 5, 98, 1000
689, 200, 0, 5.0, 5, 5, 98, 1000
690, 200, 0, 5.0, 5, 5, 98, 1000
691, 200, 0, 5.0, 5, 5, 98, 1000
692, 200, 0, 5.0, 5, 5, 98, 1000
693, 200, 0, 5.0, 5, 5, 98, 1000
694, 200, 0, 5.0, 5, 5, 98, 1000
695, 200, 0, 5.0, 5, 5, 98, 1000
696, 200, 0, 5.0, 5, 5, 98, 1000
697, 200, 0, 5.0, 5, 5, 98, 1020
698, 200, 0, 5.0, 5, 5, 96, 980
699, 200, 0, 5.0, 5, 5, 98, 1000
700, 200, 0, 5.0, 5, 5, 98, 1000
701, 200, 0, 5.0, 5, 5, 98, 1000
702, 200, 0, 5.0, 5, 5, 98, 1000
703, 200, 0, 5.0, 5, 5, 98, 1000
704, 200, 0, 5.0, 5, 5, 98, 1000
705, 200, 0, 5.0, 5, 5, 98, 1000
706, 200, 0, 5.0, 5, 5, 98, 1000
707, 200, 0, 5.0, 5, 5, 98, 1010
708, 200, 0, 5.0, 5, 5, 97, 990
709, 200, 0, 5.0, 5, 5, 98, 1000
710, 200, 0, 5.0, 5, 5, 98, 1000
711, 200, 0, 5.0, 5, 5, 98, 1000
712, 200, 0, 5.0, 5, 5, 98, 1000
713, 200, 0, 5.0, 5, 5, 98, 1000
714, 200, 0, 5.0, 5, 5, 98, 1000
715, 200, 0, 5.0, 5, 5, 98, 1000
716, 200, 0, 5.0, 5, 5, 98, 1000
717, 200, 0, 5.0, 5, 5, 98, 1000
718, 200, 0, 5.0, 5, 5, 98, 1000
719, 200, 0, 5.0, 5, 5, 98, 1000
720, 200, 0, 5.0, 5, 5, 98, 1000
721, 200, 0, 5.0, 5, 5, 98, 1000
722, 200, 0, 5.0, 5, 5, 98, 1010
723, 200, 0, 5.0, 5, 5, 97, 1010
724, 200, 0, 5.0, 5, 5, 96, 980
725, 200, 0, 5.0, 5, 5, 98, 1000
726, 200, 0, 5.0, 5, 5, 98, 1010
727, 200, 0, 5.0, 5, 5, 97, 990
728, 200, 0, 5.0, 5, 5, 98, 1000
729, 200, 0, 5.0, 5, 5, 98, 1000
730, 200, 0, 5.0, 5, 5, 98, 1000
731, 200, 0, 5.0, 5, 5, 98, 1000
732, 200, 0, 5.0, 5, 5, 98, 1000
733, 200, 0, 5.0, 5, 5, 98, 1000
734, 200, 0, 5.0, 5, 5, 98, 1000
735, 200, 0, 5.0, 5, 5, 98, 1010
736, 200, 0, 5.0, 5, 5, 97, 990
737, 200, 0, 5.0, 5, 5, 98, 1000
738, 200, 0, 5.0, 5, 5, 98, 1000
739, 200, 0, 5.0, 5, 5, 98, 1000
740, 200, 0, 5.0, 5, 5, 98, 1000
741, 200, 0, 5.0, 5, 5, 98, 1010
742, 200, 0, 5.0, 5, 5, 97, 990
743, 200, 0, 5.0, 5, 5, 98, 1000
744, 200, 0, 5.0, 5, 5, 98, 1000
745, 200, 0, 5.0, 5, 5, 98, 1000
746, 200, 0, 5.0, 5, 5, 98, 1000
747, 200, 0, 5.0, 5, 5, 98, 1000
748, 200, 0, 5.0, 5, 5, 98, 1000
749, 200, 0, 5.0, 5, 5, 98, 1000
750, 200, 0, 5.0, 5, 5, 98, 1000
751, 200, 0, 5.0, 5, 5, 98, 1000
752, 200, 0, 5.0, 5, 5, 98, 1010
753, 200, 0, 5.0, 5, 5, 97, 990
754, 200, 0, 5.0, 5, 5, 98, 1000
755, 200, 0, 5.0, 5, 5, 98, 1000
756, 200, 0, 5.0, 5, 5, 98, 1000
757, 200, 0, 5.0, 5, 5, 98, 1000
758, 200, 0, 5.0, 5, 5, 98, 1000
759, 200, 0, 5.0, 5, 5, 98, 1000
760, 200, 0, 5.0, 5, 5, 98, 1000
761, 200, 0, 5.0, 5, 5, 98, 1010
762, 200, 0, 5.0, 5, 5, 97, 990
763, 200, 0, 5.0, 5, 5, 98, 1000
764, 200, 0, 5.0, 5, 5, 98, 1000
765, 200, 0, 5.0, 5, 5, 98, 1010
766, 200, 0, 5.0, 5, 5, 97, 990
767, 200, 0, 5.0, 5, 5, 98, 1000
768, 200, 0, 5.0, 5, 5, 98, 1000
769, 200, 0, 5.0, 5, 5, 98, 1000
770, 200, 0, 5.0, 5, 5, 98, 1000
771, 200, 0, 5.0, 5, 5, 98, 1000
772, 200, 0, 5.0, 5, 5, 98, 1000
773, 200, 0, 5.0, 5, 5, 98, 1010
774, 200, 0, 5.0, 5, 5, 97, 990
775, 200, 0, 5.0, 5, 5, 98, 1010
776, 200, 0, 5.0, 5, 5, 97, 990
777, 200, 0, 5.0, 5, 5, 98, 1000
778, 200, 0, 5.0, 5, 5, 98, 1000
779, 200, 0, 5.0, 5, 5, 98, 1000
780, 200, 0, 5.0, 5, 5, 98, 1000
781, 200, 0, 5.0, 5, 5, 98, 1000
782, 200, 0, 5.0, 5, 5, 98, 1000
783, 200, 0, 5.0, 5, 5, 98, 1000
784, 200, 0, 5.0, 5, 5, 98, 1000
785, 200, 0, 5.0, 5, 5, 98, 1000
786, 200, 0, 5.0, 5, 5, 98, 1000
787, 200, 0, 5.0, 5, 5, 98, 1000
788, 200, 0, 5.0, 5, 5, 98, 1000
789, 200, 0, 5.0, 5, 5, 98, 1000
790, 200, 0, 5.0, 5, 5, 98, 1000
791, 200, 0, 5.0, 5, 5, 98, 1000
792, 200, 0, 5.0, 5, 5, 98, 1000
793, 200, 0, 5.0, 5, 5, 98, 1000
794, 200, 0, 5.0, 5, 5, 98, 1000
795, 200, 0, 5.0, 5, 5, 98, 1000
796, 200, 0, 5.0, 5, 5, 98, 1000
797, 200, 0, 5.0, 5, 5, 98, 1010
798, 200, 0, 5.0, 5, 5, 97, 990
799, 200, 0, 5.0, 5, 5, 98, 1010
800, 200, 0, 5.0, 5, 5, 97, 990
801, 200, 0, 5.0, 5, 5, 98, 1000
802, 200, 0, 5.0, 5, 5, 98, 1020
803, 200, 0, 5.0, 5, 5, 96, 990
804, 200, 0, 5.0, 5, 5, 97, 990
805, 200, 0, 5.0, 5, 5, 98, 1010
806, 200, 0, 5.0, 5, 5, 97, 990
807, 200, 0, 5.0, 5, 5, 98, 1000
808, 200, 0, 5.0, 5, 5, 98, 1000
809, 200, 0, 5.0, 5, 5, 98, 1000
810, 200, 0, 5.0, 5, 5, 98, 1000
811, 200, 0, 5.0, 5, 5, 98, 1010
812, 200, 0, 5.0, 5, 5, 98, 990
813, 200, 0, 5.0, 5, 5, 98, 1020
814, 200, 0, 5.0, 5, 5, 96, 980
815, 200, 0, 5.0, 5, 5, 98, 1000
816, 200, 0, 5.0, 5, 5, 98, 1000
817, 200, 0, 5.0, 5, 5, 98, 1000
818, 200, 0, 5.0, 5, 5, 98, 1000
819, 200, 0, 5.0, 5, 5, 98, 1000
820, 200, 0, 5.0, 5, 5, 98, 1000
821, 200, 0, 5.0, 5, 5, 98, 1010
822, 200, 0, 5.0, 5, 5, 97, 990
823, 200, 0, 5.0, 5, 5, 98, 1000
824, 200, 0, 5.0, 5, 5, 98, 1000
825, 200, 0, 5.0, 5, 5, 98, 1000
826, 200, 0, 5.0, 5, 5, 98, 1000
827, 200, 0, 5.0, 5, 5, 98, 1000
828, 200, 0, 5.0, 5, 5, 98, 1020
829, 200, 0, 5.0, 5, 5, 97, 980
830, 200, 0, 5.0, 5, 5, 98, 1000
831, 200, 0, 5.0, 5, 5, 98, 1000
832, 200, 0, 5.0, 5, 5, 98, 1010
833, 200, 0, 5.0, 5, 5, 97, 990
834, 200, 0, 5.0, 5, 5, 98, 1000
835, 200, 0, 5.0, 5, 5, 98, 1000
836, 200, 0, 5.0, 5, 5, 98, 1000
837, 200, 0, 5.0, 5, 5, 98, 1000
838, 200, 0, 5.0, 5, 5, 98, 1000
839, 200, 0, 5.0, 5, 5, 98, 1000
840, 200, 0, 5.0, 5, 5, 98, 1000
841, 200, 0, 5.0, 5, 5, 98, 1000
842, 200, 0, 5.0, 5, 5, 98, 1000
843, 200, 0, 5.0, 5, 5, 98, 1000
844, 200, 0, 5.0, 5, 5, 98, 1000
845, 200, 0, 5.0, 5, 5, 98, 1010
846, 200, 0, 5.0, 5, 5, 97, 1000
847, 200, 0, 5.0, 5, 5, 97, 990
848, 200, 0, 5.0, 5, 5, 98, 1000
849, 200, 0, 5.0, 5, 5, 98, 1000
850, 200, 0, 5.0, 5, 5, 98, 1000
851, 200, 0, 5.0, 5, 5, 98, 1000
852, 200, 0, 5.0, 5, 5, 98, 1000
853, 200, 0, 5.0, 5, 5, 98, 1000
854, 200, 0, 5.0, 5, 5, 98, 1000
855, 200, 0, 5.0, 5, 5, 98, 1000
856, 200, 0, 5.0, 5, 5, 98, 1000
857, 200, 0, 5.0, 5, 5, 98, 1000
858, 200, 0, 5.0, 5, 5, 98, 1010
859, 200, 0, 5.0, 5, 5, 97, 990
860, 200, 0, 5.0, 5, 5, 98, 1000
861, 200, 0, 5.0, 5, 5, 98, 1000
862, 200, 0, 5.0, 5, 5, 98, 1000
863, 200, 0, 5.0, 5, 5, 98, 1000
864, 200, 0, 5.0, 5, 5, 98, 1000
865, 200, 0, 5.0, 5, 5, 98, 1000
866, 200, 0, 5.0, 5, 5, 98, 1000
867, 200, 0, 5.0, 5, 5, 98, 1000
868, 200, 0, 5.0, 5, 5, 98, 1000
869, 200, 0, 5.0, 5, 5, 98, 1000
870, 200, 0, 5.0, 5, 5, 98, 1010
871, 200, 0, 5.0, 5, 5, 97, 990
872, 200, 0, 5.0, 5, 5, 98, 1000
873, 200, 0, 5.0, 5, 5, 98, 1000
874, 200, 0, 5.0, 5, 5, 98, 1000
875, 200, 0, 5.0, 5, 5, 98, 1000
876, 200, 0, 5.0, 5, 5, 98, 1000
877, 200, 0, 5.0, 5, 5, 98, 1000
878, 200, 0, 5.0, 5, 5, 98, 1000
879, 200, 0, 5.0, 5, 5, 98, 1000
880, 200, 0, 5.0, 5, 5, 98, 1000
881, 200, 0, 5.0, 5, 5, 98, 1010
882, 200, 0, 5.0, 5, 5, 97, 990
883, 200, 0, 5.0, 5, 5, 98, 1000
884, 200, 0, 5.0, 5, 5, 98, 1000
885, 200, 0, 5.0, 5, 5, 98, 1010
886, 200, 0, 5.0, 5, 5, 97, 1000
887, 200, 0, 5.0, 5, 5, 97, 990
888, 200, 0, 5.0, 5, 5, 98, 1000
889, 200, 0, 5.0, 5, 5, 98, 1000
890, 200, 0, 5.0, 5, 5, 98, 1000
891, 200, 0, 5.0, 5, 5, 98, 1000
892, 200, 0, 5.0, 5, 5, 98, 1000
893, 200, 0, 5.0, 5, 5, 98, 1000
894, 200, 0, 5.0, 5, 5, 98, 1000
895, 200, 0, 5.0, 5, 5, 98, 1000
896, 200, 0, 5.0, 5, 5, 98, 1000
897, 200, 0, 5.0, 5, 5, 98, 1000
898, 200, 0, 5.0, 5, 5, 98, 1010
899, 200, 0, 5.0, 5, 5, 97, 990
900, 200, 0, 5.0, 5, 5, 98, 1000
901, 200, 0, 5.0, 5, 5, 98, 1000
902, 200, 0, 5.0, 5, 5, 98, 1000
903, 200, 0, 5.0, 5, 5, 98, 1000
904, 200, 0, 5.0, 5, 5, 98, 1020
905, 200, 0, 5.0, 5, 5, 96, 980
906, 200, 0, 5.0, 5, 5, 98, 1000
907, 200, 0, 5.0, 5, 5, 98, 1000
908, 200, 0, 5.0, 5, 5, 98, 1000
909, 200, 0, 5.0, 5, 5, 98, 1000
910, 200, 0, 5.0, 5, 5, 98, 1000
911, 200, 0, 5.0, 5, 5, 98, 1000
912, 200, 0, 5.0, 5, 5, 98, 1000
913, 200, 0, 5.0, 5, 5, 98, 1000
914, 200, 0, 5.0, 5, 5, 98, 1010
915, 200, 0, 5.0, 5, 5, 97, 990
916, 200, 0, 5.0, 5, 5, 98, 1010
917, 200, 0, 5.0, 5, 5, 97, 990
918, 200, 0, 5.0, 5, 5, 98, 1000
919, 200, 0, 5.0, 5, 5, 98, 1000
920, 200, 0, 5.0, 5, 5, 98, 1000
921, 200, 0, 5.0, 5, 5, 98, 1000
922, 200, 0, 5.0, 5, 5, 98, 1010
923, 200, 0, 5.0, 5, 5, 97, 990
924, 200, 0, 5.0, 5, 5, 98, 1000
925, 200, 0, 5.0, 5, 5, 98, 1000
926, 200, 0, 5.0, 5, 5, 98, 1000
927, 200, 0, 5.0, 5, 5, 98, 1000
928, 200, 0, 5.0, 5, 5, 98, 1000
929, 200, 0, 5.0, 5, 5, 98, 1010
930, 200, 0, 5.0, 5, 5, 97, 990
931, 200, 0, 5.0, 5, 5, 98, 1010
932, 200, 0, 5.0, 5, 5, 97, 990
933, 200, 0, 5.0, 5, 5, 98, 1000
934, 200, 0, 5.0, 5, 5, 98, 1000
935, 200, 0, 5.0, 5, 5, 98, 1010
936, 200, 0, 5.0, 5, 5, 97, 990
937, 200, 0, 5.0, 5, 5, 98, 1010
938, 200, 0, 5.0, 5, 5, 97, 990
939, 200, 0, 5.0, 5, 5, 98, 1000
940, 200, 0, 5.0, 5, 5, 98, 1000
941, 200, 0, 5.0, 5, 5, 98, 1000
942, 200, 0, 5.0, 5, 5, 98, 1000
943, 200, 0, 5.0, 5, 5, 98, 1000
944, 200, 0, 5.0, 5, 5, 98, 1000
945, 200, 0, 5.0, 5, 5, 98, 1000
946, 200, 0, 5.0, 5, 5, 98, 1000
947, 200, 0, 5.0, 5, 5, 98, 1000
948, 200, 0, 5.0, 5, 5, 98, 1010
949, 200, 0, 5.0, 5, 5, 97, 990
950, 200, 0, 5.0, 5, 5, 98, 1010
951, 200, 0, 5.0, 5, 5, 97, 990
952, 200, 0, 5.0, 5, 5, 98, 1000
953, 200, 0, 5.0, 5, 5, 98, 1000
954, 200, 0, 5.0, 5, 5, 98, 1000
955, 200, 0, 5.0, 5, 5, 98, 1000
956, 200, 0, 5.0, 5, 5, 98, 1000
957, 200, 0, 5.0, 5, 5, 98, 1000
958, 200, 0, 5.0, 5, 5, 98, 1000
959, 200, 0, 5.0, 5, 5, 98, 1010
960, 200, 0, 5.0, 5, 5, 97, 1010
961, 200, 0, 5.0, 5, 5, 96, 980
962, 200, 0, 5.0, 5, 5, 98, 1000
963, 200, 0, 5.0, 5, 5, 98, 1000
964, 200, 0, 5.0, 5, 5, 98, 1000
965, 200, 0, 5.0, 5, 5, 98, 1000
966, 200, 0, 5.0, 5, 5, 98, 1000
967, 200, 0, 5.0, 5, 5, 98, 1000
968, 200, 0, 5.0, 5, 5, 98, 1000
969, 200, 0, 5.0, 5, 5, 98, 1000
970, 200, 0, 5.0, 5, 5, 98, 1000
971, 200, 0, 5.0, 5, 5, 98, 1000
972, 200, 0, 5.0, 5, 5, 98, 1000
973, 200, 0, 5.0, 5, 5, 98, 1000
974, 200, 0, 5.0, 5, 5, 98, 1000
975, 200, 0, 5.0, 5, 5, 98, 1010
976, 200, 0, 5.0, 5, 5, 97, 990
977, 200, 0, 5.0, 5, 5, 98, 1000
978, 200, 0, 5.0, 5, 5, 98, 1000
979, 200, 0, 5.0, 5, 5, 98, 1000
980, 200, 0, 5.0, 5, 5, 98, 1020
981, 200, 0, 5.0, 5, 5, 96, 980
982, 200, 0, 5.0, 5, 5, 98, 1000
983, 200, 0, 5.0, 5, 5, 98, 1000
984, 200, 0, 5.0, 5, 5, 98, 1000
985, 200, 0, 5.0, 5, 5, 98, 1000
986, 200, 0, 5.0, 5, 5, 98, 1010
987, 200, 0, 5.0, 5, 5, 97, 1000
988, 200, 0, 5.0, 5, 5, 97, 990
989, 200, 0, 5.0, 5, 5, 98, 1000
990, 200, 0, 5.0, 5, 5, 98, 1000
991, 200, 0, 5.0, 5, 5, 98, 1000
992, 200, 0, 5.0, 5, 5, 98, 1000
993, 200, 0, 5.0, 5, 5, 98, 1000
994, 200, 0, 5.0, 5, 5, 98, 1000
995, 200, 0, 5.0, 5, 5, 98, 1000
996, 200, 0, 5.0, 5, 5, 98, 1000
997, 200, 0, 5.0, 5, 5, 98, 1000
998, 200, 0, 5.0, 5, 5, 98, 1000
999, 200, 0, 5.0, 5, 5, 98, 1000
