


1, 200, 0, 2.05, 0, 0, 0, 0
2, 200, 0, 2.05, 0, 0, 0, 0
3, 200, 0, 3.975, 3, 5, 0, 336
4, 200, 0, 4.745, 5, 5, 0, 479
5, 200, 0, 4.92, 5, 5, 0, 504
6, 200, 0, 4.97, 5, 5, 0, 483
7, 200, 0, 4.995, 5, 5, 0, 500
8, 200, 0, 5.0, 5, 5, 0, 500
9, 200, 0, 5.0, 5, 5, 0, 500
10, 200, 0, 5.0, 5, 5, 0, 500
11, 200, 0, 5.0, 5, 5, 2, 500
12, 200, 0, 5.0, 5, 5, 4, 500
13, 200, 0, 5.0, 5, 5, 6, 500
14, 200, 0, 5.0, 5, 5, 8, 500
15, 200, 0, 5.0, 5, 5, 16, 500
16, 200, 0, 5.0, 5, 5, 24, 500
17, 200, 0, 5.0, 5, 5, 24, 510
18, 200, 0, 5.0, 5, 5, 28, 490
19, 200, 0, 5.0, 5, 5, 32, 500
20, 200, 0, 5.0, 5, 5, 40, 500
21, 200, 0, 5.0, 5, 5, 40, 500
22, 200, 0, 5.0, 5, 5, 42, 500
23, 200, 0, 5.0, 5, 5, 44, 500
24, 200, 0, 5.0, 5, 5, 48, 500
25, 200, 0, 5.0, 5, 5, 50, 510
26, 200, 0, 5.0, 5, 5, 50, 490
27, 200, 0, 5.0, 5, 5, 56, 500
28, 200, 0, 5.0, 5, 5, 58, 500
29, 200, 0, 5.0, 5, 5, 66, 500
30, 200, 0, 5.0, 5, 5, 68, 500
31, 200, 0, 5.0, 5, 5, 70, 500
32, 200, 0, 5.0, 5, 5, 72, 500
33, 200, 0, 5.0, 5, 5, 72, 500
34, 200, 0, 5.0, 5, 5, 74, 500
35, 200, 0, 5.0, 5, 5, 78, 500
36, 200, 0, 5.0, 5, 5, 82, 500
37, 200, 0, 5.0, 5, 5, 82, 500
38, 200, 0, 5.0, 5, 5, 82, 500
39, 200, 0, 5.0, 5, 5, 86, 510
40, 200, 0, 5.0, 5, 5, 84, 490
41, 200, 0, 5.0, 5, 5, 86, 500
42, 200, 0, 5.0, 5, 5, 86, 500
43, 200, 0, 5.0, 5, 5, 88, 500
44, 200, 0, 5.0, 5, 5, 90, 500
45, 200, 0, 5.0, 5, 5, 90, 500
46, 200, 0, 5.0, 5, 5, 92, 500
47, 200, 0, 5.0, 5, 5, 92, 500
48, 200, 0, 5.0, 5, 5, 92, 500
49, 200, 0, 5.0, 5, 5, 92, 500
50, 200, 0, 5.0, 5, 5, 92, 500
51, 200, 0, 5.0, 5, 5, 92, 500
52, 200, 0, 5.0, 5, 5, 92, 500
53, 200, 0, 5.0, 5, 5, 94, 500
54, 200, 0, 5.0, 5, 5, 96, 500
55, 200, 0, 5.0, 5, 5, 96, 500
56, 200, 0, 5.0, 5, 5, 96, 500
57, 200, 0, 5.0, 5, 5, 96, 510
58, 200, 0, 5.0, 5, 5, 96, 490
59, 200, 0, 5.0, 5, 5, 96, 500
60, 200, 0, 5.0, 5, 5, 96, 500
61, 200, 0, 5.0, 5, 5, 96, 510
62, 200, 0, 5.0, 5, 5, 94, 490
63, 200, 0, 5.0, 5, 5, 96, 500
64, 200, 0, 5.0, 5, 5, 98, 500
65, 200, 0, 5.0, 5, 5, 98, 500
66, 200, 0, 5.0, 5, 5, 98, 500
67, 200, 0, 5.0, 5, 5, 98, 510
68, 200, 0, 5.0, 5, 5, 96, 490
69, 200, 0, 5.0, 5, 5, 98, 500
70, 200, 0, 5.0, 5, 5, 98, 500
71, 200, 0, 5.0, 5, 5, 98, 500
72, 200, 0, 5.0, 5, 5, 98, 500
73, 200, 0, 5.0, 5, 5, 98, 500
74, 200, 0, 5.0, 5, 5, 98, 500
75, 200, 0, 5.0, 5, 5, 98, 500
76, 200, 0, 5.0, 5, 5, 98, 500
77, 200, 0, 5.0, 5, 5, 98, 500
78, 200, 0, 5.0, 5, 5, 98, 500
79, 200, 0, 5.0, 5, 5, 98, 500
80, 200, 0, 5.0, 5, 5, 98, 500
81, 200, 0, 5.0, 5, 5, 98, 500
82, 200, 0, 5.0, 5, 5, 98, 500
83, 200, 0, 5.0, 5, 5, 98, 500
84, 200, 0, 5.0, 5, 5, 98, 500
85, 200, 0, 5.0, 5, 5, 98, 510
86, 200, 0, 5.0, 5, 5, 96, 490
87, 200, 0, 5.0, 5, 5, 98, 500
88, 200, 0, 5.0, 5, 5, 98, 500
89, 200, 0, 5.0, 5, 5, 98, 500
90, 200, 0, 5.0, 5, 5, 98, 500
91, 200, 0, 5.0, 5, 5, 98, 500
92, 200, 0, 5.0, 5, 5, 98, 500
93, 200, 0, 5.0, 5, 5, 98, 500
94, 200, 0, 5.0, 5, 5, 98, 510
95, 200, 0, 5.0, 5, 5, 96, 490
96, 200, 0, 5.0, 5, 5, 98, 510
97, 200, 0, 5.0, 5, 5, 96, 490
98, 200, 0, 5.0, 5, 5, 98, 500
99, 200, 0, 5.0, 5, 5, 98, 500
100, 200, 0, 5.0, 5, 5, 98, 500
101, 200, 0, 5.0, 5, 5, 98, 500
102, 200, 0, 5.0, 5, 5, 98, 500
103, 200, 0, 5.0, 5, 5, 98, 500
104, 200, 0, 5.0, 5, 5, 98, 500
105, 200, 0, 5.0, 5, 5, 98, 500
106, 200, 0, 5.0, 5, 5, 98, 500
107, 200, 0, 5.0, 5, 5, 98, 510
108, 200, 0, 5.0, 5, 5, 96, 490
109, 200, 0, 5.0, 5, 5, 98, 500
110, 200, 0, 5.0, 5, 5, 98, 510
111, 200, 0, 5.0, 5, 5, 96, 490
112, 200, 0, 5.0, 5, 5, 98, 500
113, 200, 0, 5.0, 5, 5, 98, 500
114, 200, 0, 5.0, 5, 5, 98, 500
115, 200, 0, 5.0, 5, 5, 98, 500
116, 200, 0, 5.0, 5, 5, 98, 500
117, 200, 0, 5.0, 5, 5, 98, 500
118, 200, 0, 5.0, 5, 5, 98, 500
119, 200, 0, 5.0, 5, 5, 98, 500
120, 200, 0, 5.0, 5, 5, 98, 500
121, 200, 0, 5.0, 5, 5, 98, 500
122, 200, 0, 5.0, 5, 5, 98, 500
123, 200, 0, 5.0, 5, 5, 98, 500
124, 200, 0, 5.0, 5, 5, 98, 500
125, 200, 0, 5.0, 5, 5, 98, 500
126, 200, 0, 5.0, 5, 5, 98, 500
127, 200, 0, 5.0, 5, 5, 98, 500
128, 200, 0, 5.0, 5, 5, 98, 500
129, 200, 0, 5.0, 5, 5, 98, 500
130, 200, 0, 5.0, 5, 5, 98, 500
131, 200, 0, 5.0, 5, 5, 98, 500
132, 200, 0, 5.0, 5, 5, 98, 500
133, 200, 0, 5.0, 5, 5, 98, 500
134, 200, 0, 5.0, 5, 5, 98, 500
135, 200, 0, 5.0, 5, 5, 98, 500
136, 200, 0, 5.0, 5, 5, 98, 500
137, 200, 0, 5.0, 5, 5, 98, 500
138, 200, 0, 5.0, 5, 5, 98, 500
139, 200, 0, 5.0, 5, 5, 98, 500
140, 200, 0, 5.0, 5, 5, 98, 500
141, 200, 0, 5.0, 5, 5, 98, 500
142, 200, 0, 5.0, 5, 5, 98, 500
143, 200, 0, 5.0, 5, 5, 98, 500
144, 200, 0, 5.0, 5, 5, 98, 500
145, 200, 0, 5.0, 5, 5, 98, 500
146, 200, 0, 5.0, 5, 5, 98, 510
147, 200, 0, 5.0, 5, 5, 96, 490
148, 200, 0, 5.0, 5, 5, 98, 510
149, 200, 0, 5.0, 5, 5, 96, 490
150, 200, 0, 5.0, 5, 5, 98, 500
151, 200, 0, 5.0, 5, 5, 98, 500
152, 200, 0, 5.0, 5, 5, 98, 500
153, 200, 0, 5.0, 5, 5, 98, 500
154, 200, 0, 5.0, 5, 5, 98, 500
155, 200, 0, 5.0, 5, 5, 98, 500
156, 200, 0, 5.0, 5, 5, 98, 500
157, 200, 0, 5.0, 5, 5, 98, 500
158, 200, 0, 5.0, 5, 5, 98, 500
159, 200, 0, 5.0, 5, 5, 98, 500
160, 200, 0, 5.0, 5, 5, 98, 500
161, 200, 0, 5.0, 5, 5, 98, 500
162, 200, 0, 5.0, 5, 5, 98, 500
163, 200, 0, 5.0, 5, 5, 98, 500
164, 200, 0, 5.0, 5, 5, 98, 500
165, 200, 0, 5.0, 5, 5, 98, 500
166, 200, 0, 5.0, 5, 5, 98, 500
167, 200, 0, 5.0, 5, 5, 98, 500
168, 200, 0, 5.0, 5, 5, 98, 500
169, 200, 0, 5.0, 5, 5, 98, 500
170, 200, 0, 5.0, 5, 5, 98, 500
171, 200, 0, 5.0, 5, 5, 98, 500
172, 200, 0, 5.0, 5, 5, 98, 500
173, 200, 0, 5.0, 5, 5, 98, 500
174, 200, 0, 5.0, 5, 5, 98, 500
175, 200, 0, 5.0, 5, 5, 98, 510
176, 200, 0, 5.0, 5, 5, 96, 490
177, 200, 0, 5.0, 5, 5, 98, 500
178, 200, 0, 5.0, 5, 5, 98, 500
179, 200, 0, 5.0, 5, 5, 98, 500
180, 200, 0, 5.0, 5, 5, 98, 500
181, 200, 0, 5.0, 5, 5, 98, 500
182, 200, 0, 5.0, 5, 5, 98, 500
183, 200, 0, 5.0, 5, 5, 98, 500
184, 200, 0, 5.0, 5, 5, 98, 500
185, 200, 0, 5.0, 5, 5, 98, 500
186, 200, 0, 5.0, 5, 5, 98, 500
187, 200, 0, 5.0, 5, 5, 98, 510
188, 200, 0, 5.0, 5, 5, 96, 490
189, 200, 0, 5.0, 5, 5, 98, 500
190, 200, 0, 5.0, 5, 5, 98, 500
191, 200, 0, 5.0, 5, 5, 98, 500
192, 200, 0, 5.0, 5, 5, 98, 500
193, 200, 0, 5.0, 5, 5, 98, 500
194, 200, 0, 5.0, 5, 5, 98, 500
195, 200, 0, 5.0, 5, 5, 98, 500
196, 200, 0, 5.0, 5, 5, 98, 500
197, 200, 0, 5.0, 5, 5, 98, 500
198, 200, 0, 5.0, 5, 5, 98, 500
199, 200, 0, 5.0, 5, 5, 98, 500
200, 200, 0, 5.0, 5, 5, 98, 500
201, 200, 0, 5.0, 5, 5, 98, 500
202, 200, 0, 5.0, 5, 5, 98, 500
203, 200, 0, 5.0, 5, 5, 98, 500
204, 200, 0, 5.0, 5, 5, 98, 500
205, 200, 0, 5.0, 5, 5, 98, 500
206, 200, 0, 5.0, 5, 5, 98, 500
207, 200, 0, 5.0, 5, 5, 98, 500
208, 200, 0, 5.0, 5, 5, 98, 500
209, 200, 0, 5.0, 5, 5, 98, 500
210, 200, 0, 5.0, 5, 5, 98, 500
211, 200, 0, 5.0, 5, 5, 98, 500
212, 200, 0, 5.0, 5, 5, 98, 500
213, 200, 0, 5.0, 5, 5, 98, 500
214, 200, 0, 5.0, 5, 5, 98, 500
215, 200, 0, 5.0, 5, 5, 98, 500
216, 200, 0, 5.0, 5, 5, 98, 500
217, 200, 0, 5.0, 5, 5, 98, 500
218, 200, 0, 5.0, 5, 5, 98, 500
219, 200, 0, 5.0, 5, 5, 98, 500
220, 200, 0, 5.0, 5, 5, 98, 500
221, 200, 0, 5.0, 5, 5, 98, 500
222, 200, 0, 5.0, 5, 5, 98, 500
223, 200, 0, 5.0, 5, 5, 98, 500
224, 200, 0, 5.0, 5, 5, 98, 500
225, 200, 0, 5.0, 5, 5, 98, 500
226, 200, 0, 5.0, 5, 5, 98, 500
227, 200, 0, 5.0, 5, 5, 98, 500
228, 200, 0, 5.0, 5, 5, 98, 500
229, 200, 0, 5.0, 5, 5, 98, 500
230, 200, 0, 5.0, 5, 5, 98, 500
231, 200, 0, 5.0, 5, 5, 98, 500
232, 200, 0, 5.0, 5, 5, 98, 500
233, 200, 0, 5.0, 5, 5, 98, 500
234, 200, 0, 5.0, 5, 5, 98, 500
235, 200, 0, 5.0, 5, 5, 98, 500
236, 200, 0, 5.0, 5, 5, 98, 500
237, 200, 0, 5.0, 5, 5, 98, 500
238, 200, 0, 5.0, 5, 5, 98, 500
239, 200, 0, 5.0, 5, 5, 98, 510
240, 200, 0, 5.0, 5, 5, 96, 490
241, 200, 0, 5.0, 5, 5, 98, 500
242, 200, 0, 5.0, 5, 5, 98, 510
243, 200, 0, 5.0, 5, 5, 96, 490
244, 200, 0, 5.0, 5, 5, 98, 500
245, 200, 0, 5.0, 5, 5, 98, 500
246, 200, 0, 5.0, 5, 5, 98, 500
247, 200, 0, 5.0, 5, 5, 98, 500
248, 200, 0, 5.0, 5, 5, 98, 500
249, 200, 0, 5.0, 5, 5, 98, 500
250, 200, 0, 5.0, 5, 5, 98, 500
251, 200, 0, 5.0, 5, 5, 98, 500
252, 200, 0, 5.0, 5, 5, 98, 500
253, 200, 0, 5.0, 5, 5, 98, 500
254, 200, 0, 5.0, 5, 5, 98, 500
255, 200, 0, 5.0, 5, 5, 98, 500
256, 200, 0, 5.0, 5, 5, 98, 500
257, 200, 0, 5.0, 5, 5, 98, 500
258, 200, 0, 5.0, 5, 5, 98, 500
259, 200, 0, 5.0, 5, 5, 98, 500
260, 200, 0, 5.0, 5, 5, 98, 500
261, 200, 0, 5.0, 5, 5, 98, 500
262, 200, 0, 5.0, 5, 5, 98, 500
263, 200, 0, 5.0, 5, 5, 98, 510
264, 200, 0, 5.0, 5, 5, 96, 490
265, 200, 0, 5.0, 5, 5, 98, 500
266, 200, 0, 5.0, 5, 5, 98, 500
267, 200, 0, 5.0, 5, 5, 98, 500
268, 200, 0, 5.0, 5, 5, 98, 500
269, 200, 0, 5.0, 5, 5, 98, 500
270, 200, 0, 5.0, 5, 5, 98, 500
271, 200, 0, 5.0, 5, 5, 98, 500
272, 200, 0, 5.0, 5, 5, 98, 500
273, 200, 0, 5.0, 5, 5, 98, 500
274, 200, 0, 5.0, 5, 5, 98, 500
275, 200, 0, 5.0, 5, 5, 98, 500
276, 200, 0, 5.0, 5, 5, 98, 500
277, 200, 0, 5.0, 5, 5, 98, 500
278, 200, 0, 5.0, 5, 5, 98, 500
279, 200, 0, 5.0, 5, 5, 98, 500
280, 200, 0, 5.0, 5, 5, 98, 500
281, 200, 0, 5.0, 5, 5, 98, 500
282, 200, 0, 5.0, 5, 5, 98, 500
283, 200, 0, 5.0, 5, 5, 98, 500
284, 200, 0, 5.0, 5, 5, 98, 500
285, 200, 0, 5.0, 5, 5, 98, 500
286, 200, 0, 5.0, 5, 5, 98, 500
287, 200, 0, 5.0, 5, 5, 98, 500
288, 200, 0, 5.0, 5, 5, 98, 510
289, 200, 0, 5.0, 5, 5, 96, 490
290, 200, 0, 5.0, 5, 5, 98, 500
291, 200, 0, 5.0, 5, 5, 98, 500
292, 200, 0, 5.0, 5, 5, 98, 500
293, 200, 0, 5.0, 5, 5, 98, 500
294, 200, 0, 5.0, 5, 5, 98, 500
295, 200, 0, 5.0, 5, 5, 98, 500
296, 200, 0, 5.0, 5, 5, 98, 520
297, 200, 0, 5.0, 5, 5, 94, 480
298, 200, 0, 5.0, 5, 5, 98, 500
299, 200, 0, 5.0, 5, 5, 98, 500
300, 200, 0, 5.0, 5, 5, 98, 500
301, 200, 0, 5.0, 5, 5, 98, 510
302, 200, 0, 5.0, 5, 5, 96, 490
303, 200, 0, 5.0, 5, 5, 98, 500
304, 200, 0, 5.0, 5, 5, 98, 500
305, 200, 0, 5.0, 5, 5, 98, 510
306, 200, 0, 5.0, 5, 5, 96, 490
307, 200, 0, 5.0, 5, 5, 98, 510
308, 200, 0, 5.0, 5, 5, 96, 490
309, 200, 0, 5.0, 5, 5, 98, 500
310, 200, 0, 5.0, 5, 5, 98, 500
311, 200, 0, 5.0, 5, 5, 98, 500
312, 200, 0, 5.0, 5, 5, 98, 500
313, 200, 0, 5.0, 5, 5, 98, 500
314, 200, 0, 5.0, 5, 5, 98, 500
315, 200, 0, 5.0, 5, 5, 98, 500
316, 200, 0, 5.0, 5, 5, 98, 500
317, 200, 0, 5.0, 5, 5, 98, 500
318, 200, 0, 5.0, 5, 5, 98, 500
319, 200, 0, 5.0, 5, 5, 98, 500
320, 200, 0, 5.0, 5, 5, 98, 500
321, 200, 0, 5.0, 5, 5, 98, 500
322, 200, 0, 5.0, 5, 5, 98, 500
323, 200, 0, 5.0, 5, 5, 98, 500
324, 200, 0, 5.0, 5, 5, 98, 500
325, 200, 0, 5.0, 5, 5, 98, 500
326, 200, 0, 5.0, 5, 5, 98, 500
327, 200, 0, 5.0, 5, 5, 98, 500
328, 200, 0, 5.0, 5, 5, 98, 500
329, 200, 0, 5.0, 5, 5, 98, 500
330, 200, 0, 5.0, 5, 5, 98, 500
331, 200, 0, 5.0, 5, 5, 98, 500
332, 200, 0, 5.0, 5, 5, 98, 500
333, 200, 0, 5.0, 5, 5, 98, 510
334, 200, 0, 5.0, 5, 5, 96, 490
335, 200, 0, 5.0, 5, 5, 98, 500
336, 200, 0, 5.0, 5, 5, 98, 500
337, 200, 0, 5.0, 5, 5, 98, 500
338, 200, 0, 5.0, 5, 5, 98, 500
339, 200, 0, 5.0, 5, 5, 98, 500
340, 200, 0, 5.0, 5, 5, 98, 500
341, 200, 0, 5.0, 5, 5, 98, 500
342, 200, 0, 5.0, 5, 5, 98, 500
343, 200, 0, 5.0, 5, 5, 98, 500
344, 200, 0, 5.0, 5, 5, 98, 500
345, 200, 0, 5.0, 5, 5, 98, 500
346, 200, 0, 5.0, 5, 5, 98, 510
347, 200, 0, 5.0, 5, 5, 96, 490
348, 200, 0, 5.0, 5, 5, 98, 500
349, 200, 0, 5.0, 5, 5, 98, 500
350, 200, 0, 5.0, 5, 5, 98, 500
351, 200, 0, 5.0, 5, 5, 98, 500
352, 200, 0, 5.0, 5, 5, 98, 500
353, 200, 0, 5.0, 5, 5, 98, 500
354, 200, 0, 5.0, 5, 5, 98, 500
355, 200, 0, 5.0, 5, 5, 98, 500
356, 200, 0, 5.0, 5, 5, 98, 500
357, 200, 0, 5.0, 5, 5, 98, 500
358, 200, 0, 5.0, 5, 5, 98, 500
359, 200, 0, 5.0, 5, 5, 98, 500
360, 200, 0, 5.0, 5, 5, 98, 500
361, 200, 0, 5.0, 5, 5, 98, 500
362, 200, 0, 5.0, 5, 5, 98, 500
363, 200, 0, 5.0, 5, 5, 98, 500
364, 200, 0, 5.0, 5, 5, 98, 500
365, 200, 0, 5.0, 5, 5, 98, 500
366, 200, 0, 5.0, 5, 5, 98, 500
367, 200, 0, 5.0, 5, 5, 98, 500
368, 200, 0, 5.0, 5, 5, 98, 500
369, 200, 0, 5.0, 5, 5, 98, 500
370, 200, 0, 5.0, 5, 5, 98, 500
371, 200, 0, 5.0, 5, 5, 98, 500
372, 200, 0, 5.0, 5, 5, 98, 510
373, 200, 0, 5.0, 5, 5, 96, 490
374, 200, 0, 5.0, 5, 5, 98, 500
375, 200, 0, 5.0, 5, 5, 98, 500
376, 200, 0, 5.0, 5, 5, 98, 500
377, 200, 0, 5.0, 5, 5, 98, 500
378, 200, 0, 5.0, 5, 5, 98, 500
379, 200, 0, 5.0, 5, 5, 98, 500
380, 200, 0, 5.0, 5, 5, 98, 500
381, 200, 0, 5.0, 5, 5, 98, 500
382, 200, 0, 5.0, 5, 5, 98, 500
383, 200, 0, 5.0, 5, 5, 98, 500
384, 200, 0, 5.0, 5, 5, 98, 500
385, 200, 0, 5.0, 5, 5, 98, 500
386, 200, 0, 5.0, 5, 5, 98, 500
387, 200, 0, 5.0, 5, 5, 98, 500
388, 200, 0, 5.0, 5, 5, 98, 500
389, 200, 0, 5.0, 5, 5, 98, 500
390, 200, 0, 5.0, 5, 5, 98, 500
391, 200, 0, 5.0, 5, 5, 98, 500
392, 200, 0, 5.0, 5, 5, 98, 500
393, 200, 0, 5.0, 5, 5, 98, 500
394, 200, 0, 5.0, 5, 5, 98, 500
395, 200, 0, 5.0, 5, 5, 98, 500
396, 200, 0, 5.0, 5, 5, 98, 500
397, 200, 0, 5.0, 5, 5, 98, 500
398, 200, 0, 5.0, 5, 5, 98, 500
399, 200, 0, 5.0, 5, 5, 98, 500
400, 200, 0, 5.0, 5, 5, 98, 500
401, 200, 0, 5.0, 5, 5, 98, 500
402, 200, 0, 5.0, 5, 5, 98, 500
403, 200, 0, 5.0, 5, 5, 98, 500
404, 200, 0, 5.0, 5, 5, 98, 500
405, 200, 0, 5.0, 5, 5, 98, 500
406, 200, 0, 5.0, 5, 5, 98, 500
407, 200, 0, 5.0, 5, 5, 98, 500
408, 200, 0, 5.0, 5, 5, 98, 500
409, 200, 0, 5.0, 5, 5, 98, 500
410, 200, 0, 5.0, 5, 5, 98, 500
411, 200, 0, 5.0, 5, 5, 98, 500
412, 200, 0, 5.0, 5, 5, 98, 500
413, 200, 0, 5.0, 5, 5, 98, 500
414, 200, 0, 5.0, 5, 5, 98, 510
415, 200, 0, 5.0, 5, 5, 96, 490
416, 200, 0, 5.0, 5, 5, 98, 500
417, 200, 0, 5.0, 5, 5, 98, 500
418, 200, 0, 5.0, 5, 5, 98, 500
419, 200, 0, 5.0, 5, 5, 98, 500
420, 200, 0, 5.0, 5, 5, 98, 500
421, 200, 0, 5.0, 5, 5, 98, 500
422, 200, 0, 5.0, 5, 5, 98, 500
423, 200, 0, 5.0, 5, 5, 98, 500
424, 200, 0, 5.0, 5, 5, 98, 510
425, 200, 0, 5.0, 5, 5, 96, 490
426, 200, 0, 5.0, 5, 5, 98, 500
427, 200, 0, 5.0, 5, 5, 98, 500
428, 200, 0, 5.0, 5, 5, 98, 500
429, 200, 0, 5.0, 5, 5, 98, 500
430, 200, 0, 5.0, 5, 5, 98, 500
431, 200, 0, 5.0, 5, 5, 98, 500
432, 200, 0, 5.0, 5, 5, 98, 500
433, 200, 0, 5.0, 5, 5, 98, 510
434, 200, 0, 5.0, 5, 5, 96, 490
435, 200, 0, 5.0, 5, 5, 98, 500
436, 200, 0, 5.0, 5, 5, 98, 500
437, 200, 0, 5.0, 5, 5, 98, 500
438, 200, 0, 5.0, 5, 5, 98, 500
439, 200, 0, 5.0, 5, 5, 98, 500
440, 200, 0, 5.0, 5, 5, 98, 510
441, 200, 0, 5.0, 5, 5, 96, 490
442, 200, 0, 5.0, 5, 5, 98, 500
443, 200, 0, 5.0, 5, 5, 98, 500
444, 200, 0, 5.0, 5, 5, 98, 500
445, 200, 0, 5.0, 5, 5, 98, 500
446, 200, 0, 5.0, 5, 5, 98, 500
447, 200, 0, 5.0, 5, 5, 98, 500
448, 200, 0, 5.0, 5, 5, 98, 500
449, 200, 0, 5.0, 5, 5, 98, 500
450, 200, 0, 5.0, 5, 5, 98, 500
451, 200, 0, 5.0, 5, 5, 98, 500
452, 200, 0, 5.0, 5, 5, 98, 500
453, 200, 0, 5.0, 5, 5, 98, 500
454, 200, 0, 5.0, 5, 5, 98, 510
455, 200, 0, 5.0, 5, 5, 96, 490
456, 200, 0, 5.0, 5, 5, 98, 500
457, 200, 0, 5.0, 5, 5, 98, 500
458, 200, 0, 5.0, 5, 5, 98, 500
459, 200, 0, 5.0, 5, 5, 98, 500
460, 200, 0, 5.0, 5, 5, 98, 500
461, 200, 0, 5.0, 5, 5, 98, 500
462, 200, 0, 5.0, 5, 5, 98, 500
463, 200, 0, 5.0, 5, 5, 98, 500
464, 200, 0, 5.0, 5, 5, 98, 500
465, 200, 0, 5.0, 5, 5, 98, 500
466, 200, 0, 5.0, 5, 5, 98, 500
467, 200, 0, 5.0, 5, 5, 98, 500
468, 200, 0, 5.0, 5, 5, 98, 500
469, 200, 0, 5.0, 5, 5, 98, 500
470, 200, 0, 5.0, 5, 5, 98, 510
471, 200, 0, 5.0, 5, 5, 96, 490
472, 200, 0, 5.0, 5, 5, 98, 500
473, 200, 0, 5.0, 5, 5, 98, 500
474, 200, 0, 5.0, 5, 5, 98, 500
475, 200, 0, 5.0, 5, 5, 98, 500
476, 200, 0, 5.0, 5, 5, 98, 500
477, 200, 0, 5.0, 5, 5, 98, 510
478, 200, 0, 5.0, 5, 5, 96, 490
479, 200, 0, 5.0, 5, 5, 98, 500
480, 200, 0, 5.0, 5, 5, 98, 500
481, 200, 0, 5.0, 5, 5, 98, 510
482, 200, 0, 5.0, 5, 5, 96, 490
483, 200, 0, 5.0, 5, 5, 98, 510
484, 200, 0, 5.0, 5, 5, 96, 490
485, 200, 0, 5.0, 5, 5, 98, 500
486, 200, 0, 5.0, 5, 5, 98, 510
487, 200, 0, 5.0, 5, 5, 96, 490
488, 200, 0, 5.0, 5, 5, 98, 500
489, 200, 0, 5.0, 5, 5, 98, 500
490, 200, 0, 5.0, 5, 5, 98, 500
491, 200, 0, 5.0, 5, 5, 98, 500
492, 200, 0, 5.0, 5, 5, 98, 500
493, 200, 0, 5.0, 5, 5, 98, 500
494, 200, 0, 5.0, 5, 5, 98, 500
495, 200, 0, 5.0, 5, 5, 98, 500
496, 200, 0, 5.0, 5, 5, 98, 500
497, 200, 0, 5.0, 5, 5, 98, 500
498, 200, 0, 5.0, 5, 5, 98, 510
499, 200, 0, 5.0, 5, 5, 96, 490
500, 200, 0, 5.0, 5, 5, 98, 500
501, 200, 0, 5.0, 5, 5, 98, 500
502, 200, 0, 5.0, 5, 5, 98, 500
503, 200, 0, 5.0, 5, 5, 98, 500
504, 200, 0, 5.0, 5, 5, 98, 500
505, 200, 0, 5.0, 5, 5, 98, 500
506, 200, 0, 5.0, 5, 5, 98, 500
507, 200, 0, 5.0, 5, 5, 98, 510
508, 200, 0, 5.0, 5, 5, 98, 490
509, 200, 0, 5.0, 5, 5, 98, 500
510, 200, 0, 5.0, 5, 5, 98, 500
511, 200, 0, 5.0, 5, 5, 98, 500
512, 200, 0, 5.0, 5, 5, 98, 500
513, 200, 0, 5.0, 5, 5, 98, 500
514, 200, 0, 5.0, 5, 5, 98, 500
515, 200, 0, 5.0, 5, 5, 98, 500
516, 200, 0, 5.0, 5, 5, 98, 500
517, 200, 0, 5.0, 5, 5, 98, 500
518, 200, 0, 5.0, 5, 5, 98, 500
519, 200, 0, 5.0, 5, 5, 98, 500
520, 200, 0, 5.0, 5, 5, 98, 510
521, 200, 0, 5.0, 5, 5, 96, 490
522, 200, 0, 5.0, 5, 5, 98, 500
523, 200, 0, 5.0, 5, 5, 98, 500
524, 200, 0, 5.0, 5, 5, 98, 500
525, 200, 0, 5.0, 5, 5, 98, 500
526, 200, 0, 5.0, 5, 5, 98, 500
527, 200, 0, 5.0, 5, 5, 98, 500
528, 200, 0, 5.0, 5, 5, 98, 500
529, 200, 0, 5.0, 5, 5, 98, 500
530, 200, 0, 5.0, 5, 5, 98, 500
531, 200, 0, 5.0, 5, 5, 98, 500
532, 200, 0, 5.0, 5, 5, 98, 510
533, 200, 0, 5.0, 5, 5, 96, 490
534, 200, 0, 5.0, 5, 5, 98, 500
535, 200, 0, 5.0, 5, 5, 98, 500
536, 200, 0, 5.0, 5, 5, 98, 510
537, 200, 0, 5.0, 5, 5, 96, 490
538, 200, 0, 5.0, 5, 5, 98, 500
539, 200, 0, 5.0, 5, 5, 98, 500
540, 200, 0, 5.0, 5, 5, 98, 500
541, 200, 0, 5.0, 5, 5, 98, 500
542, 200, 0, 5.0, 5, 5, 98, 500
543, 200, 0, 5.0, 5, 5, 98, 500
544, 200, 0, 5.0, 5, 5, 98, 500
545, 200, 0, 5.0, 5, 5, 98, 500
546, 200, 0, 5.0, 5, 5, 98, 500
547, 200, 0, 5.0, 5, 5, 98, 500
548, 200, 0, 5.0, 5, 5, 98, 500
549, 200, 0, 5.0, 5, 5, 98, 500
550, 200, 0, 5.0, 5, 5, 98, 500
551, 200, 0, 5.0, 5, 5, 98, 500
552, 200, 0, 5.0, 5, 5, 98, 500
553, 200, 0, 5.0, 5, 5, 98, 500
554, 200, 0, 5.0, 5, 5, 98, 500
555, 200, 0, 5.0, 5, 5, 98, 500
556, 200, 0, 5.0, 5, 5, 98, 500
557, 200, 0, 5.0, 5, 5, 98, 510
558, 200, 0, 5.0, 5, 5, 96, 490
559, 200, 0, 5.0, 5, 5, 98, 500
560, 200, 0, 5.0, 5, 5, 98, 500
561, 200, 0, 5.0, 5, 5, 98, 510
562, 200, 0, 5.0, 5, 5, 96, 490
563, 200, 0, 5.0, 5, 5, 98, 500
564, 200, 0, 5.0, 5, 5, 98, 500
565, 200, 0, 5.0, 5, 5, 98, 500
566, 200, 0, 5.0, 5, 5, 98, 500
567, 200, 0, 5.0, 5, 5, 98, 500
568, 200, 0, 5.0, 5, 5, 98, 500
569, 200, 0, 5.0, 5, 5, 98, 500
570, 200, 0, 5.0, 5, 5, 98, 500
571, 200, 0, 5.0, 5, 5, 98, 500
572, 200, 0, 5.0, 5, 5, 98, 500
573, 200, 0, 5.0, 5, 5, 98, 510
574, 200, 0, 5.0, 5, 5, 96, 490
575, 200, 0, 5.0, 5, 5, 98, 500
576, 200, 0, 5.0, 5, 5, 98, 500
577, 200, 0, 5.0, 5, 5, 98, 500
578, 200, 0, 5.0, 5, 5, 98, 500
579, 200, 0, 5.0, 5, 5, 98, 500
580, 200, 0, 5.0, 5, 5, 98, 500
581, 200, 0, 5.0, 5, 5, 98, 500
582, 200, 0, 5.0, 5, 5, 98, 500
583, 200, 0, 5.0, 5, 5, 98, 510
584, 200, 0, 5.0, 5, 5, 96, 490
585, 200, 0, 5.0, 5, 5, 98, 500
586, 200, 0, 5.0, 5, 5, 98, 500
587, 200, 0, 5.0, 5, 5, 98, 500
588, 200, 0, 5.0, 5, 5, 98, 500
589, 200, 0, 5.0, 5, 5, 98, 500
590, 200, 0, 5.0, 5, 5, 98, 500
591, 200, 0, 5.0, 5, 5, 98, 500
592, 200, 0, 5.0, 5, 5, 98, 500
593, 200, 0, 5.0, 5, 5, 98, 500
594, 200, 0, 5.0, 5, 5, 98, 500
595, 200, 0, 5.0, 5, 5, 98, 500
596, 200, 0, 5.0, 5, 5, 98, 500
597, 200, 0, 5.0, 5, 5, 98, 500
598, 200, 0, 5.0, 5, 5, 98, 500
599, 200, 0, 5.0, 5, 5, 98, 500
600, 200, 0, 5.0, 5, 5, 98, 500
601, 200, 0, 5.0, 5, 5, 98, 500
602, 200, 0, 5.0, 5, 5, 98, 500
603, 200, 0, 5.0, 5, 5, 98, 500
604, 200, 0, 5.0, 5, 5, 98, 500
605, 200, 0, 5.0, 5, 5, 98, 500
606, 200, 0, 5.0, 5, 5, 98, 500
607, 200, 0, 5.0, 5, 5, 98, 500
608, 200, 0, 5.0, 5, 5, 98, 500
609, 200, 0, 5.0, 5, 5, 98, 500
610, 200, 0, 5.0, 5, 5, 98, 500
611, 200, 0, 5.0, 5, 5, 98, 510
612, 200, 0, 5.0, 5, 5, 96, 490
613, 200, 0, 5.0, 5, 5, 98, 500
614, 200, 0, 5.0, 5, 5, 98, 500
615, 200, 0, 5.0, 5, 5, 98, 500
616, 200, 0, 5.0, 5, 5, 98, 500
617, 200, 0, 5.0, 5, 5, 98, 500
618, 200, 0, 5.0, 5, 5, 98, 500
619, 200, 0, 5.0, 5, 5, 98, 500
620, 200, 0, 5.0, 5, 5, 98, 500
621, 200, 0, 5.0, 5, 5, 98, 500
622, 200, 0, 5.0, 5, 5, 98, 500
623, 200, 0, 5.0, 5, 5, 98, 500
624, 200, 0, 5.0, 5, 5, 98, 500
625, 200, 0, 5.0, 5, 5, 98, 500
626, 200, 0, 5.0, 5, 5, 98, 500
627, 200, 0, 5.0, 5, 5, 98, 500
628, 200, 0, 5.0, 5, 5, 98, 500
629, 200, 0, 5.0, 5, 5, 98, 500
630, 200, 0, 5.0, 5, 5, 98, 500
631, 200, 0, 5.0, 5, 5, 98, 500
632, 200, 0, 5.0, 5, 5, 98, 500
633, 200, 0, 5.0, 5, 5, 98, 500
634, 200, 0, 5.0, 5, 5, 98, 500
635, 200, 0, 5.0, 5, 5, 98, 500
636, 200, 0, 5.0, 5, 5, 98, 500
637, 200, 0, 5.0, 5, 5, 98, 500
638, 200, 0, 5.0, 5, 5, 98, 500
639, 200, 0, 5.0, 5, 5, 98, 500
640, 200, 0, 5.0, 5, 5, 98, 510
641, 200, 0, 5.0, 5, 5, 96, 490
642, 200, 0, 5.0, 5, 5, 98, 500
643, 200, 0, 5.0, 5, 5, 98, 500
644, 200, 0, 5.0, 5, 5, 98, 500
645, 200, 0, 5.0, 5, 5, 98, 500
646, 200, 0, 5.0, 5, 5, 98, 500
647, 200, 0, 5.0, 5, 5, 98, 500
648, 200, 0, 5.0, 5, 5, 98, 500
649, 200, 0, 5.0, 5, 5, 98, 500
650, 200, 0, 5.0, 5, 5, 98, 500
651, 200, 0, 5.0, 5, 5, 98, 500
652, 200, 0, 5.0, 5, 5, 98, 500
653, 200, 0, 5.0, 5, 5, 98, 510
654, 200, 0, 5.0, 5, 5, 96, 490
655, 200, 0, 5.0, 5, 5, 98, 500
656, 200, 0, 5.0, 5, 5, 98, 500
657, 200, 0, 5.0, 5, 5, 98, 500
658, 200, 0, 5.0, 5, 5, 98, 500
659, 200, 0, 5.0, 5, 5, 98, 500
660, 200, 0, 5.0, 5, 5, 98, 500
661, 200, 0, 5.0, 5, 5, 98, 500
662, 200, 0, 5.0, 5, 5, 98, 500
663, 200, 0, 5.0, 5, 5, 98, 500
664, 200, 0, 5.0, 5, 5, 98, 500
665, 200, 0, 5.0, 5, 5, 98, 500
666, 200, 0, 5.0, 5, 5, 98, 500
667, 200, 0, 5.0, 5, 5, 98, 500
668, 200, 0, 5.0, 5, 5, 98, 500
669, 200, 0, 5.0, 5, 5, 98, 500
670, 200, 0, 5.0, 5, 5, 98, 500
671, 200, 0, 5.0, 5, 5, 98, 500
672, 200, 0, 5.0, 5, 5, 98, 500
673, 200, 0, 5.0, 5, 5, 98, 500
674, 200, 0, 5.0, 5, 5, 98, 510
675, 200, 0, 5.0, 5, 5, 96, 490
676, 200, 0, 5.0, 5, 5, 98, 500
677, 200, 0, 5.0, 5, 5, 98, 500
678, 200, 0, 5.0, 5, 5, 98, 500
679, 200, 0, 5.0, 5, 5, 98, 500
680, 200, 0, 5.0, 5, 5, 98, 500
681, 200, 0, 5.0, 5, 5, 98, 500
682, 200, 0, 5.0, 5, 5, 98, 500
683, 200, 0, 5.0, 5, 5, 98, 500
684, 200, 0, 5.0, 5, 5, 98, 500
685, 200, 0, 5.0, 5, 5, 98, 500
686, 200, 0, 5.0, 5, 5, 98, 500
687, 200, 0, 5.0, 5, 5, 98, 500
688, 200, 0, 5.0, 5, 5, 98, 500
689, 200, 0, 5.0, 5, 5, 98, 500
690, 200, 0, 5.0, 5, 5, 98, 500
691, 200, 0, 5.0, 5, 5, 98, 500
692, 200, 0, 5.0, 5, 5, 98, 500
693, 200, 0, 5.0, 5, 5, 98, 500
694, 200, 0, 5.0, 5, 5, 98, 500
695, 200, 0, 5.0, 5, 5, 98, 500
696, 200, 0, 5.0, 5, 5, 98, 500
697, 200, 0, 5.0, 5, 5, 98, 510
698, 200, 0, 5.0, 5, 5, 96, 490
699, 200, 0, 5.0, 5, 5, 98, 500
700, 200, 0, 5.0, 5, 5, 98, 500
701, 200, 0, 5.0, 5, 5, 98, 500
702, 200, 0, 5.0, 5, 5, 98, 500
703, 200, 0, 5.0, 5, 5, 98, 500
704, 200, 0, 5.0, 5, 5, 98, 500
705, 200, 0, 5.0, 5, 5, 98, 500
706, 200, 0, 5.0, 5, 5, 98, 500
707, 200, 0, 5.0, 5, 5, 98, 510
708, 200, 0, 5.0, 5, 5, 96, 490
709, 200, 0, 5.0, 5, 5, 98, 500
710, 200, 0, 5.0, 5, 5, 98, 500
711, 200, 0, 5.0, 5, 5, 98, 500
712, 200, 0, 5.0, 5, 5, 98, 500
713, 200, 0, 5.0, 5, 5, 98, 500
714, 200, 0, 5.0, 5, 5, 98, 500
715, 200, 0, 5.0, 5, 5, 98, 500
716, 200, 0, 5.0, 5, 5, 98, 500
717, 200, 0, 5.0, 5, 5, 98, 500
718, 200, 0, 5.0, 5, 5, 98, 500
719, 200, 0, 5.0, 5, 5, 98, 500
720, 200, 0, 5.0, 5, 5, 98, 500
721, 200, 0, 5.0, 5, 5, 98, 500
722, 200, 0, 5.0, 5, 5, 98, 500
723, 200, 0, 5.0, 5, 5, 98, 510
724, 200, 0, 5.0, 5, 5, 96, 490
725, 200, 0, 5.0, 5, 5, 98, 500
726, 200, 0, 5.0, 5, 5, 98, 510
727, 200, 0, 5.0, 5, 5, 96, 490
728, 200, 0, 5.0, 5, 5, 98, 500
729, 200, 0, 5.0, 5, 5, 98, 500
730, 200, 0, 5.0, 5, 5, 98, 500
731, 200, 0, 5.0, 5, 5, 98, 500
732, 200, 0, 5.0, 5, 5, 98, 500
733, 200, 0, 5.0, 5, 5, 98, 500
734, 200, 0, 5.0, 5, 5, 98, 500
735, 200, 0, 5.0, 5, 5, 98, 510
736, 200, 0, 5.0, 5, 5, 96, 490
737, 200, 0, 5.0, 5, 5, 98, 500
738, 200, 0, 5.0, 5, 5, 98, 500
739, 200, 0, 5.0, 5, 5, 98, 500
740, 200, 0, 5.0, 5, 5, 98, 500
741, 200, 0, 5.0, 5, 5, 98, 510
742, 200, 0, 5.0, 5, 5, 96, 490
743, 200, 0, 5.0, 5, 5, 98, 500
744, 200, 0, 5.0, 5, 5, 98, 500
745, 200, 0, 5.0, 5, 5, 98, 500
746, 200, 0, 5.0, 5, 5, 98, 500
747, 200, 0, 5.0, 5, 5, 98, 500
748, 200, 0, 5.0, 5, 5, 98, 500
749, 200, 0, 5.0, 5, 5, 98, 500
750, 200, 0, 5.0, 5, 5, 98, 500
751, 200, 0, 5.0, 5, 5, 98, 500
752, 200, 0, 5.0, 5, 5, 98, 510
753, 200, 0, 5.0, 5, 5, 96, 490
754, 200, 0, 5.0, 5, 5, 98, 500
755, 200, 0, 5.0, 5, 5, 98, 500
756, 200, 0, 5.0, 5, 5, 98, 500
757, 200, 0, 5.0, 5, 5, 98, 500
758, 200, 0, 5.0, 5, 5, 98, 500
759, 200, 0, 5.0, 5, 5, 98, 500
760, 200, 0, 5.0, 5, 5, 98, 500
761, 200, 0, 5.0, 5, 5, 98, 510
762, 200, 0, 5.0, 5, 5, 96, 490
763, 200, 0, 5.0, 5, 5, 98, 500
764, 200, 0, 5.0, 5, 5, 98, 500
765, 200, 0, 5.0, 5, 5, 98, 500
766, 200, 0, 5.0, 5, 5, 98, 500
767, 200, 0, 5.0, 5, 5, 98, 500
768, 200, 0, 5.0, 5, 5, 98, 500
769, 200, 0, 5.0, 5, 5, 98, 500
770, 200, 0, 5.0, 5, 5, 98, 500
771, 200, 0, 5.0, 5, 5, 98, 500
772, 200, 0, 5.0, 5, 5, 98, 500
773, 200, 0, 5.0, 5, 5, 98, 500
774, 200, 0, 5.0, 5, 5, 98, 500
775, 200, 0, 5.0, 5, 5, 98, 500
776, 200, 0, 5.0, 5, 5, 98, 500
777, 200, 0, 5.0, 5, 5, 98, 500
778, 200, 0, 5.0, 5, 5, 98, 500
779, 200, 0, 5.0, 5, 5, 98, 500
780, 200, 0, 5.0, 5, 5, 98, 500
781, 200, 0, 5.0, 5, 5, 98, 500
782, 200, 0, 5.0, 5, 5, 98, 500
783, 200, 0, 5.0, 5, 5, 98, 500
784, 200, 0, 5.0, 5, 5, 98, 500
785, 200, 0, 5.0, 5, 5, 98, 500
786, 200, 0, 5.0, 5, 5, 98, 500
787, 200, 0, 5.0, 5, 5, 98, 500
788, 200, 0, 5.0, 5, 5, 98, 500
789, 200, 0, 5.0, 5, 5, 98, 500
790, 200, 0, 5.0, 5, 5, 98, 500
791, 200, 0, 5.0, 5, 5, 98, 500
792, 200, 0, 5.0, 5, 5, 98, 500
793, 200, 0, 5.0, 5, 5, 98, 500
794, 200, 0, 5.0, 5, 5, 98, 500
795, 200, 0, 5.0, 5, 5, 98, 500
796, 200, 0, 5.0, 5, 5, 98, 500
797, 200, 0, 5.0, 5, 5, 98, 510
798, 200, 0, 5.0, 5, 5, 96, 490
799, 200, 0, 5.0, 5, 5, 98, 510
800, 200, 0, 5.0, 5, 5, 96, 490
801, 200, 0, 5.0, 5, 5, 98, 500
802, 200, 0, 5.0, 5, 5, 98, 500
803, 200, 0, 5.0, 5, 5, 98, 500
804, 200, 0, 5.0, 5, 5, 98, 500
805, 200, 0, 5.0, 5, 5, 98, 510
806, 200, 0, 5.0, 5, 5, 96, 490
807, 200, 0, 5.0, 5, 5, 98, 500
808, 200, 0, 5.0, 5, 5, 98, 500
809, 200, 0, 5.0, 5, 5, 98, 500
810, 200, 0, 5.0, 5, 5, 98, 500
811, 200, 0, 5.0, 5, 5, 98, 500
812, 200, 0, 5.0, 5, 5, 98, 500
813, 200, 0, 5.0, 5, 5, 98, 500
814, 200, 0, 5.0, 5, 5, 98, 500
815, 200, 0, 5.0, 5, 5, 98, 500
816, 200, 0, 5.0, 5, 5, 98, 500
817, 200, 0, 5.0, 5, 5, 98, 500
818, 200, 0, 5.0, 5, 5, 98, 500
819, 200, 0, 5.0, 5, 5, 98, 500
820, 200, 0, 5.0, 5, 5, 98, 500
821, 200, 0, 5.0, 5, 5, 98, 510
822, 200, 0, 5.0, 5, 5, 96, 490
823, 200, 0, 5.0, 5, 5, 98, 500
824, 200, 0, 5.0, 5, 5, 98, 500
825, 200, 0, 5.0, 5, 5, 98, 500
826, 200, 0, 5.0, 5, 5, 98, 500
827, 200, 0, 5.0, 5, 5, 98, 500
828, 200, 0, 5.0, 5, 5, 98, 510
829, 200, 0, 5.0, 5, 5, 96, 490
830, 200, 0, 5.0, 5, 5, 98, 500
831, 200, 0, 5.0, 5, 5, 98, 500
832, 200, 0, 5.0, 5, 5, 98, 510
833, 200, 0, 5.0, 5, 5, 96, 490
834, 200, 0, 5.0, 5, 5, 98, 500
835, 200, 0, 5.0, 5, 5, 98, 500
836, 200, 0, 5.0, 5, 5, 98, 500
837, 200, 0, 5.0, 5, 5, 98, 500
838, 200, 0, 5.0, 5, 5, 98, 500
839, 200, 0, 5.0, 5, 5, 98, 500
840, 200, 0, 5.0, 5, 5, 98, 500
841, 200, 0, 5.0, 5, 5, 98, 500
842, 200, 0, 5.0, 5, 5, 98, 500
843, 200, 0, 5.0, 5, 5, 98, 500
844, 200, 0, 5.0, 5, 5, 98, 500
845, 200, 0, 5.0, 5, 5, 98, 500
846, 200, 0, 5.0, 5, 5, 98, 500
847, 200, 0, 5.0, 5, 5, 98, 500
848, 200, 0, 5.0, 5, 5, 98, 500
849, 200, 0, 5.0, 5, 5, 98, 500
850, 200, 0, 5.0, 5, 5, 98, 500
851, 200, 0, 5.0, 5, 5, 98, 500
852, 200, 0, 5.0, 5, 5, 98, 500
853, 200, 0, 5.0, 5, 5, 98, 500
854, 200, 0, 5.0, 5, 5, 98, 500
855, 200, 0, 5.0, 5, 5, 98, 500
856, 200, 0, 5.0, 5, 5, 98, 500
857, 200, 0, 5.0, 5, 5, 98, 500
858, 200, 0, 5.0, 5, 5, 98, 500
859, 200, 0, 5.0, 5, 5, 98, 500
860, 200, 0, 5.0, 5, 5, 98, 500
861, 200, 0, 5.0, 5, 5, 98, 500
862, 200, 0, 5.0, 5, 5, 98, 500
863, 200, 0, 5.0, 5, 5, 98, 500
864, 200, 0, 5.0, 5, 5, 98, 500
865, 200, 0, 5.0, 5, 5, 98, 500
866, 200, 0, 5.0, 5, 5, 98, 500
867, 200, 0, 5.0, 5, 5, 98, 500
868, 200, 0, 5.0, 5, 5, 98, 500
869, 200, 0, 5.0, 5, 5, 98, 500
870, 200, 0, 5.0, 5, 5, 98, 510
871, 200, 0, 5.0, 5, 5, 96, 490
872, 200, 0, 5.0, 5, 5, 98, 500
873, 200, 0, 5.0, 5, 5, 98, 500
874, 200, 0, 5.0, 5, 5, 98, 500
875, 200, 0, 5.0, 5, 5, 98, 500
876, 200, 0, 5.0, 5, 5, 98, 500
877, 200, 0, 5.0, 5, 5, 98, 500
878, 200, 0, 5.0, 5, 5, 98, 500
879, 200, 0, 5.0, 5, 5, 98, 500
880, 200, 0, 5.0, 5, 5, 98, 500
881, 200, 0, 5.0, 5, 5, 98, 500
882, 200, 0, 5.0, 5, 5, 98, 500
883, 200, 0, 5.0, 5, 5, 98, 500
884, 200, 0, 5.0, 5, 5, 98, 500
885, 200, 0, 5.0, 5, 5, 98, 510
886, 200, 0, 5.0, 5, 5, 96, 490
887, 200, 0, 5.0, 5, 5, 98, 500
888, 200, 0, 5.0, 5, 5, 98, 500
889, 200, 0, 5.0, 5, 5, 98, 500
890, 200, 0, 5.0, 5, 5, 98, 500
891, 200, 0, 5.0, 5, 5, 98, 500
892, 200, 0, 5.0, 5, 5, 98, 500
893, 200, 0, 5.0, 5, 5, 98, 500
894, 200, 0, 5.0, 5, 5, 98, 500
895, 200, 0, 5.0, 5, 5, 98, 500
896, 200, 0, 5.0, 5, 5, 98, 500
897, 200, 0, 5.0, 5, 5, 98, 500
898, 200, 0, 5.0, 5, 5, 98, 500
899, 200, 0, 5.0, 5, 5, 98, 500
900, 200, 0, 5.0, 5, 5, 98, 500
901, 200, 0, 5.0, 5, 5, 98, 500
902, 200, 0, 5.0, 5, 5, 98, 500
903, 200, 0, 5.0, 5, 5, 98, 500
904, 200, 0, 5.0, 5, 5, 98, 510
905, 200, 0, 5.0, 5, 5, 96, 490
906, 200, 0, 5.0, 5, 5, 98, 500
907, 200, 0, 5.0, 5, 5, 98, 500
908, 200, 0, 5.0, 5, 5, 98, 500
909, 200, 0, 5.0, 5, 5, 98, 500
910, 200, 0, 5.0, 5, 5, 98, 500
911, 200, 0, 5.0, 5, 5, 98, 500
912, 200, 0, 5.0, 5, 5, 98, 500
913, 200, 0, 5.0, 5, 5, 98, 500
914, 200, 0, 5.0, 5, 5, 98, 500
915, 200, 0, 5.0, 5, 5, 98, 500
916, 200, 0, 5.0, 5, 5, 98, 510
917, 200, 0, 5.0, 5, 5, 96, 490
918, 200, 0, 5.0, 5, 5, 98, 500
919, 200, 0, 5.0, 5, 5, 98, 500
920, 200, 0, 5.0, 5, 5, 98, 500
921, 200, 0, 5.0, 5, 5, 98, 500
922, 200, 0, 5.0, 5, 5, 98, 500
923, 200, 0, 5.0, 5, 5, 98, 500
924, 200, 0, 5.0, 5, 5, 98, 500
925, 200, 0, 5.0, 5, 5, 98, 500
926, 200, 0, 5.0, 5, 5, 98, 500
927, 200, 0, 5.0, 5, 5, 98, 500
928, 200, 0, 5.0, 5, 5, 98, 500
929, 200, 0, 5.0, 5, 5, 98, 500
930, 200, 0, 5.0, 5, 5, 98, 500
931, 200, 0, 5.0, 5, 5, 98, 510
932, 200, 0, 5.0, 5, 5, 96, 490
933, 200, 0, 5.0, 5, 5, 98, 500
934, 200, 0, 5.0, 5, 5, 98, 500
935, 200, 0, 5.0, 5, 5, 98, 510
936, 200, 0, 5.0, 5, 5, 96, 490
937, 200, 0, 5.0, 5, 5, 98, 510
938, 200, 0, 5.0, 5, 5, 96, 490
939, 200, 0, 5.0, 5, 5, 98, 500
940, 200, 0, 5.0, 5, 5, 98, 500
941, 200, 0, 5.0, 5, 5, 98, 500
942, 200, 0, 5.0, 5, 5, 98, 500
943, 200, 0, 5.0, 5, 5, 98, 500
944, 200, 0, 5.0, 5, 5, 98, 500
945, 200, 0, 5.0, 5, 5, 98, 500
946, 200, 0, 5.0, 5, 5, 98, 500
947, 200, 0, 5.0, 5, 5, 98, 500
948, 200, 0, 5.0, 5, 5, 98, 500
949, 200, 0, 5.0, 5, 5, 98, 500
950, 200, 0, 5.0, 5, 5, 98, 510
951, 200, 0, 5.0, 5, 5, 96, 490
952, 200, 0, 5.0, 5, 5, 98, 500
953, 200, 0, 5.0, 5, 5, 98, 500
954, 200, 0, 5.0, 5, 5, 98, 500
955, 200, 0, 5.0, 5, 5, 98, 500
956, 200, 0, 5.0, 5, 5, 98, 500
957, 200, 0, 5.0, 5, 5, 98, 500
958, 200, 0, 5.0, 5, 5, 98, 500
959, 200, 0, 5.0, 5, 5, 98, 500
960, 200, 0, 5.0, 5, 5, 98, 510
961, 200, 0, 5.0, 5, 5, 96, 490
962, 200, 0, 5.0, 5, 5, 98, 500
963, 200, 0, 5.0, 5, 5, 98, 500
964, 200, 0, 5.0, 5, 5, 98, 500
965, 200, 0, 5.0, 5, 5, 98, 500
966, 200, 0, 5.0, 5, 5, 98, 500
967, 200, 0, 5.0, 5, 5, 98, 500
968, 200, 0, 5.0, 5, 5, 98, 500
969, 200, 0, 5.0, 5, 5, 98, 500
970, 200, 0, 5.0, 5, 5, 98, 500
971, 200, 0, 5.0, 5, 5, 98, 500
972, 200, 0, 5.0, 5, 5, 98, 500
973, 200, 0, 5.0, 5, 5, 98, 500
974, 200, 0, 5.0, 5, 5, 98, 500
975, 200, 0, 5.0, 5, 5, 98, 510
976, 200, 0, 5.0, 5, 5, 96, 490
977, 200, 0, 5.0, 5, 5, 98, 500
978, 200, 0, 5.0, 5, 5, 98, 500
979, 200, 0, 5.0, 5, 5, 98, 500
980, 200, 0, 5.0, 5, 5, 98, 500
981, 200, 0, 5.0, 5, 5, 98, 500
982, 200, 0, 5.0, 5, 5, 98, 500
983, 200, 0, 5.0, 5, 5, 98, 500
984, 200, 0, 5.0, 5, 5, 98, 500
985, 200, 0, 5.0, 5, 5, 98, 500
986, 200, 0, 5.0, 5, 5, 98, 510
987, 200, 0, 5.0, 5, 5, 96, 500
988, 200, 0, 5.0, 5, 5, 96, 490
989, 200, 0, 5.0, 5, 5, 98, 500
990, 200, 0, 5.0, 5, 5, 98, 500
991, 200, 0, 5.0, 5, 5, 98, 500
992, 200, 0, 5.0, 5, 5, 98, 500
993, 200, 0, 5.0, 5, 5, 98, 500
994, 200, 0, 5.0, 5, 5, 98, 500
995, 200, 0, 5.0, 5, 5, 98, 500
996, 200, 0, 5.0, 5, 5, 98, 500
997, 200, 0, 5.0, 5, 5, 98, 500
998, 200, 0, 5.0, 5, 5, 98, 500
999, 200, 0, 5.0, 5, 5, 98, 500
